0.000000
0.006300
0.004970
0.003640
0.002315
0.000990
0.002635
0.004280
0.005930
0.007580
0.009225
0.010870
0.008845
0.006820
0.004795
0.002770
0.000745
-0.001280
0.001200
0.003680
0.006160
0.008640
0.011120
0.013600
0.010435
0.007270
0.004105
0.000940
0.002570
0.004200
0.003205
0.002210
0.001210
0.000210
0.002325
0.004440
0.006555
0.008670
0.010785
0.012900
0.015015
0.017130
0.006850
-0.003430
-0.013715
-0.024000
-0.016960
-0.009920
-0.002880
0.004160
0.004720
0.005280
0.010905
0.016530
0.022160
0.027790
0.033415
0.039040
0.031765
0.024490
0.017220
0.009950
0.009780
0.009610
0.009435
0.009260
0.009090
0.008920
0.002030
-0.004860
-0.011750
-0.018640
-0.025530
-0.032420
-0.033035
-0.033650
-0.045440
-0.057230
-0.051285
-0.045340
-0.039400
-0.033460
-0.032735
-0.032010
-0.031285
-0.030560
-0.029835
-0.029110
-0.028385
-0.027660
-0.034410
-0.041160
-0.047910
-0.054660
-0.061410
-0.068160
-0.074910
-0.081660
-0.075060
-0.068460
-0.061865
-0.055270
-0.048675
-0.042080
-0.042335
-0.042590
-0.042850
-0.043110
-0.033695
-0.024280
-0.014865
-0.005450
0.003965
0.013380
0.022795
0.032210
0.041625
0.051040
0.060455
0.069870
0.079285
0.088700
0.066970
0.045240
0.023515
0.001790
-0.019940
-0.041670
-0.063400
-0.085130
-0.106855
-0.128580
-0.150310
-0.172040
-0.150560
-0.129080
-0.107605
-0.086130
-0.087575
-0.089020
-0.090470
-0.091920
-0.093370
-0.094820
-0.094030
-0.093240
-0.092450
-0.091660
-0.093220
-0.094780
-0.096335
-0.097890
-0.113455
-0.129020
-0.102770
-0.076520
-0.050265
-0.024010
0.002240
0.028490
0.054740
0.080990
0.107245
0.133500
0.159750
0.186000
0.212250
0.238500
0.229215
0.219930
0.210640
0.201350
0.192060
0.182770
0.173485
0.164200
0.154910
0.145620
0.153525
0.161430
0.169340
0.177250
0.154700
0.132150
0.109600
0.087050
0.064505
0.041960
0.019410
-0.003140
-0.025690
-0.048240
-0.070790
-0.093340
-0.115885
-0.138430
-0.160980
-0.183530
-0.206080
-0.228630
-0.251175
-0.273720
-0.296270
-0.318820
-0.284530
-0.250240
-0.215950
-0.181660
-0.147375
-0.113090
-0.078800
-0.044510
-0.010220
0.024070
0.058360
0.092650
0.126940
0.161230
0.195520
0.229810
0.264100
0.298390
0.265180
0.231970
0.198755
0.165540
0.132330
0.099120
0.065910
0.032700
-0.000510
-0.033720
-0.066930
-0.100140
-0.133350
-0.166560
-0.199775
-0.232990
-0.266200
-0.299410
-0.151810
-0.004210
0.143390
0.290990
0.257395
0.223800
0.190210
0.156620
0.123025
0.089430
0.055835
0.022240
-0.011355
-0.044950
-0.013305
0.018340
0.049985
0.081630
0.113270
0.144910
0.176555
0.208200
0.198965
0.189730
0.180490
0.171250
0.154420
0.137590
0.120760
0.103930
0.087100
0.070270
0.053440
0.036610
0.019780
0.002950
-0.013880
-0.030710
-0.018160
-0.005610
0.006935
0.019480
0.032030
0.044580
0.054630
0.064680
0.074730
0.084780
0.094825
0.104870
0.081910
0.058950
0.035990
0.013030
-0.009930
-0.032890
-0.055855
-0.078820
-0.057190
-0.035560
-0.013925
0.007710
0.029340
0.050970
0.030550
0.010130
-0.010290
-0.030710
-0.051135
-0.071560
-0.091980
-0.112400
-0.132820
-0.153240
-0.133190
-0.113140
-0.093090
-0.073040
-0.052990
-0.032940
-0.012895
0.007150
-0.028175
-0.063500
-0.098825
-0.134150
-0.169475
-0.204800
-0.164810
-0.124820
-0.084835
-0.044850
-0.004860
0.035130
0.075115
0.115100
0.155090
0.195080
0.159045
0.123010
0.086975
0.050940
0.014905
-0.021130
-0.057165
-0.093200
-0.059915
-0.026630
0.006660
0.039950
0.073240
0.106530
0.139820
0.173110
0.142970
0.112830
0.082690
0.052550
0.022415
-0.007720
0.001460
0.010640
0.019820
0.029000
0.038185
0.047370
0.056550
0.065730
0.042970
0.020210
-0.002545
-0.025300
-0.048055
-0.070810
-0.055940
-0.041070
-0.026200
-0.011330
-0.004225
0.002880
0.009985
0.017090
0.024200
0.031310
0.004265
-0.022780
-0.049820
-0.076860
-0.103905
-0.130950
-0.157995
-0.185040
-0.164255
-0.143470
-0.122685
-0.101900
-0.081120
-0.060340
-0.039555
-0.018770
0.002015
0.022800
0.006420
-0.009960
-0.026340
-0.042720
-0.032095
-0.021470
-0.010840
-0.000210
0.010415
0.021040
0.003225
-0.014590
-0.032405
-0.050220
-0.068035
-0.085850
-0.103665
-0.121480
-0.139295
-0.157110
-0.174925
-0.192740
-0.210555
-0.228370
-0.204910
-0.181450
-0.157990
-0.134530
-0.111070
-0.087610
-0.064150
-0.040690
-0.017230
0.006230
0.029695
0.053160
0.076620
0.100080
0.123540
0.147000
0.122270
0.097540
0.072810
0.048080
0.023350
-0.001380
0.025015
0.051410
0.077805
0.104200
0.130595
0.156990
0.183390
0.209790
0.236185
0.262580
0.216270
0.169960
0.123650
0.077340
0.031035
-0.015270
-0.061580
-0.107890
-0.154200
-0.200510
-0.134185
-0.067860
-0.001535
0.064790
0.040750
0.016710
-0.007330
-0.031370
-0.055410
-0.079450
-0.103490
-0.127530
-0.151570
-0.175610
-0.199650
-0.223690
-0.247730
-0.271770
-0.215140
-0.158510
-0.101880
-0.045250
0.011385
0.068020
0.124650
0.181280
0.162960
0.144640
0.126320
0.108000
0.089685
0.071370
0.053050
0.034730
0.065695
0.096660
0.127630
0.158600
0.189565
0.220530
0.201745
0.182960
0.164170
0.145380
0.126590
0.107800
0.089015
0.070230
0.051440
0.032650
0.049570
0.066490
0.083410
0.100330
0.117250
0.134170
0.118770
0.103370
0.087970
0.072570
0.057170
0.041770
0.026370
0.010970
-0.004430
-0.019830
0.012275
0.044380
0.076490
0.108600
0.140705
0.172810
0.138485
0.104160
0.069835
0.035510
0.001180
-0.033150
-0.067475
-0.101800
-0.087210
-0.072620
-0.058030
-0.043440
-0.028850
-0.014260
0.000330
0.014920
-0.002665
-0.020250
-0.037840
-0.055430
-0.073015
-0.090600
-0.108190
-0.125780
-0.143365
-0.160950
-0.178540
-0.196130
-0.171985
-0.147840
-0.123695
-0.099550
-0.075410
-0.051270
-0.027125
-0.002980
-0.011250
-0.019520
-0.027785
-0.036050
-0.044320
-0.052590
-0.047205
-0.041820
-0.036440
-0.031060
-0.030045
-0.029030
-0.028010
-0.026990
-0.000920
0.025150
0.021425
0.017700
0.019915
0.022130
0.024345
0.026560
0.015375
0.004190
-0.007000
-0.018190
-0.029380
-0.040570
-0.051755
-0.062940
-0.043555
-0.024170
-0.004785
0.014600
0.033985
0.053370
0.038825
0.024280
0.009740
-0.004800
-0.019345
-0.033890
-0.019730
-0.005570
0.008585
0.022740
0.014765
0.006790
-0.001180
-0.009150
-0.017120
-0.025090
-0.033060
-0.041030
-0.049005
-0.056980
-0.037620
-0.018260
0.001100
0.020460
0.012500
0.004540
-0.003420
-0.011380
-0.006765
-0.002150
0.002465
0.007080
0.006020
0.004960
0.003905
0.002850
0.001795
0.000740
-0.002300
-0.005340
-0.008375
-0.011410
-0.003900
0.003610
0.011120
0.018630
0.026140
0.033650
0.041160
0.048670
0.039535
0.030400
0.021265
0.012130
0.002995
-0.006140
-0.015275
-0.024410
-0.005330
0.013750
0.012370
0.010990
0.009610
0.008230
0.006850
0.005470
0.006795
0.008120
0.009445
0.010770
0.001925
-0.006920
-0.015765
-0.024610
-0.033455
-0.042300
-0.051145
-0.059990
-0.068835
-0.077680
-0.086530
-0.095380
-0.078735
-0.062090
-0.045445
-0.028800
-0.012160
0.004480
0.021125
0.037770
0.027750
0.017730
0.007710
-0.002310
-0.012330
-0.022350
-0.002220
0.017910
0.038035
0.058160
0.047770
0.037380
0.026990
0.016600
0.006210
-0.004180
-0.014570
-0.024960
-0.035350
-0.045740
-0.033225
-0.020710
-0.008195
0.004320
0.016835
0.029350
0.022305
0.015260
0.016660
0.018060
0.019460
0.020860
0.014395
0.007930
0.001460
-0.005010
-0.011480
-0.017950
-0.024420
-0.030890
-0.024650
-0.018410
-0.012170
-0.005930
0.000310
0.006550
-0.009320
-0.025190
-0.041060
-0.056930
-0.048690
-0.040450
-0.032215
-0.023980
-0.015740
-0.007500
0.000735
0.008970
0.006405
0.003840
0.001275
-0.001290
-0.003855
-0.006420
-0.008990
-0.011560
-0.018875
-0.026190
-0.033505
-0.040820
-0.048135
-0.055450
-0.049555
-0.043660
-0.037770
-0.031880
-0.050760
-0.069640
-0.062990
-0.056340
-0.049685
-0.043030
-0.036375
-0.029720
-0.023070
-0.016420
-0.009765
-0.003110
0.003545
0.010200
0.016850
0.023500
0.030155
0.036810
0.043460
0.050110
0.037235
0.024360
0.011485
-0.001390
-0.014265
-0.027140
-0.015115
-0.003090
0.008935
0.020960
0.032985
0.045010
0.057035
0.069060
0.063395
0.057730
0.052065
0.046400
0.040735
0.035070
0.034320
0.033570
0.032820
0.032070
0.031320
0.030570
0.031535
0.032500
0.033470
0.034440
0.035405
0.036370
0.024925
0.013480
0.002030
-0.009420
-0.020865
-0.032310
-0.031140
-0.029970
-0.030460
-0.030950
-0.031435
-0.031920
-0.028900
-0.025880
-0.022860
-0.019840
-0.016815
-0.013790
-0.010770
-0.007750
-0.011120
-0.014490
-0.017860
-0.021230
-0.003000
0.015230
0.033465
0.051700
0.069930
0.088160
0.106395
0.124630
0.142860
0.161090
0.145480
0.129870
0.114255
0.098640
0.083025
0.067410
0.051795
0.036180
0.020565
0.004950
0.004575
0.004200
0.003825
0.003450
0.003070
0.002690
-0.028265
-0.059220
-0.090170
-0.121120
-0.152075
-0.183030
-0.151730
-0.120430
-0.089125
-0.057820
-0.026515
0.004790
0.036095
0.067400
0.098705
0.130010
0.106870
0.083730
0.060590
0.037450
0.053620
0.069790
0.085960
0.102130
0.033480
-0.035170
-0.103820
-0.172470
-0.155050
-0.137630
-0.120205
-0.102780
-0.085360
-0.067940
-0.050520
-0.033100
-0.034785
-0.036470
-0.038155
-0.039840
-0.022505
-0.005170
0.012165
0.029500
0.046835
0.064170
0.081500
0.098830
0.116165
0.133500
0.096370
0.059240
0.022105
-0.015030
-0.052160
-0.089290
-0.126420
-0.163550
-0.112255
-0.060960
-0.009660
0.041640
0.028575
0.015510
0.002450
-0.010610
-0.023675
-0.036740
-0.049805
-0.062870
-0.075930
-0.088990
-0.071645
-0.054300
-0.036955
-0.019610
-0.002265
0.015080
0.032425
0.049770
0.067115
0.084460
0.067345
0.050230
0.033115
0.016000
-0.001115
-0.018230
-0.035345
-0.052460
-0.069575
-0.086690
-0.077190
-0.067690
-0.058195
-0.048700
-0.039200
-0.029700
-0.020205
-0.010710
-0.001210
0.008290
0.002575
-0.003140
0.013260
0.029660
0.046060
0.062460
0.030060
-0.002340
-0.034740
-0.067140
-0.053825
-0.040510
-0.027195
-0.013880
-0.000570
0.012740
0.010395
0.008050
0.019145
0.030240
0.041335
0.052430
0.037970
0.023510
0.009050
-0.005410
-0.019865
-0.034320
-0.048780
-0.063240
-0.077695
-0.092150
-0.106610
-0.121070
-0.102785
-0.084500
-0.066220
-0.047940
-0.029655
-0.011370
0.006915
0.025200
0.043485
0.061770
0.051025
0.040280
0.029540
0.018800
0.031680
0.044560
0.057440
0.070320
0.083200
0.096080
0.108960
0.121840
0.092670
0.063500
0.034335
0.005170
-0.024000
-0.053170
-0.042205
-0.031240
-0.020270
-0.009300
0.001665
0.012630
0.023600
0.034570
0.033700
0.032830
0.031960
0.031090
0.030220
0.029350
0.037230
0.045110
0.052990
0.060870
0.068750
0.076630
0.084510
0.092390
0.074905
0.057420
0.039935
0.022450
0.004965
-0.012520
-0.002860
0.006800
0.016455
0.026110
0.035770
0.045430
0.030570
0.015710
0.000845
-0.014020
-0.028880
-0.043740
-0.058605
-0.073470
-0.056685
-0.039900
-0.023115
-0.006330
0.010455
0.027240
0.044020
0.060800
0.048745
0.036690
0.024635
0.012580
0.000525
-0.011530
-0.023585
-0.035640
-0.021205
-0.006770
0.007665
0.022100
0.036540
0.050980
0.065415
0.079850
0.074500
0.069150
0.063800
0.058450
0.053100
0.047750
0.042405
0.037060
0.031710
0.026360
0.042290
0.058220
0.074155
0.090090
0.106025
0.121960
0.111325
0.100690
0.090060
0.079430
0.068795
0.058160
0.047525
0.036890
0.026260
0.015630
0.004995
-0.005640
-0.016270
-0.026900
-0.037535
-0.048170
-0.058805
-0.069440
-0.080070
-0.090700
-0.101335
-0.111970
-0.113590
-0.115210
-0.116835
-0.118460
-0.120080
-0.121700
-0.123320
-0.124940
-0.144970
-0.165000
-0.185025
-0.205050
-0.181090
-0.157130
-0.133170
-0.109210
-0.085250
-0.061290
-0.037330
-0.013370
0.010590
0.034550
0.058510
0.082470
0.079115
0.075760
0.072410
0.069060
0.065710
0.062360
0.074855
0.087350
0.099850
0.112350
0.124845
0.137340
0.129545
0.121750
0.113955
0.106160
0.098365
0.090570
0.082775
0.074980
0.077545
0.080110
0.082675
0.085240
0.087805
0.090370
0.076225
0.062080
0.047930
0.033780
0.019635
0.005490
-0.008660
-0.022810
-0.038625
-0.054440
-0.047370
-0.040300
-0.033225
-0.026150
-0.019080
-0.012010
-0.016145
-0.020280
-0.024415
-0.028550
-0.045490
-0.062430
-0.048835
-0.035240
-0.021645
-0.008050
-0.028765
-0.049480
-0.042955
-0.036430
-0.029900
-0.023370
-0.028525
-0.033680
-0.026235
-0.018790
-0.011340
-0.003890
0.003555
0.011000
0.018445
0.025890
0.020175
0.014460
0.008745
0.003030
-0.002685
-0.008400
-0.001885
0.004630
0.011145
0.017660
0.024175
0.030690
0.037205
0.043720
0.032685
0.021650
0.010615
-0.000420
-0.011455
-0.022490
-0.033525
-0.044560
-0.040470
-0.036380
-0.032285
-0.028190
-0.024100
-0.020010
-0.015915
-0.011820
-0.018135
-0.024450
-0.030760
-0.037070
-0.043380
-0.049690
-0.054255
-0.058820
-0.063385
-0.067950
-0.072510
-0.077070
-0.081635
-0.086200
-0.090765
-0.095330
-0.079045
-0.062760
-0.046470
-0.030180
-0.013895
0.002390
0.018675
0.034960
0.039475
0.043990
0.048500
0.053010
0.042385
0.031760
0.021135
0.010510
-0.000110
-0.010730
-0.021355
-0.031980
-0.042605
-0.053230
-0.025685
0.001860
0.029410
0.056960
0.038405
0.019850
0.001295
-0.017260
-0.035820
-0.054380
-0.033210
-0.012040
0.009135
0.030310
0.051480
0.072650
0.093820
0.114990
0.093680
0.072370
0.051060
0.029750
0.008435
-0.012880
-0.000380
0.012120
0.024615
0.037110
0.036140
0.035170
0.034200
0.033230
0.025880
0.018530
0.011180
0.003830
0.003625
0.003420
-0.009195
-0.021810
-0.034425
-0.047040
-0.059655
-0.072270
-0.084885
-0.097500
-0.110115
-0.122730
-0.102950
-0.083170
-0.063395
-0.043620
-0.023845
-0.004070
0.015710
0.035490
0.055265
0.075040
0.094820
0.114600
0.096145
0.077690
0.059235
0.040780
0.022325
0.003870
0.003355
0.002840
0.002330
0.001820
-0.026655
-0.055130
-0.003905
0.047320
0.049775
0.052230
0.054690
0.057150
0.059605
0.062060
0.064520
0.066980
0.069435
0.071890
0.049470
0.027050
0.004630
-0.017790
-0.040210
-0.062630
-0.085050
-0.107470
-0.129895
-0.152320
-0.139115
-0.125910
-0.112705
-0.099500
-0.086295
-0.073090
-0.059885
-0.046680
-0.033475
-0.020270
-0.007065
0.006140
0.019345
0.032550
0.020570
0.008590
-0.003390
-0.015370
-0.027345
-0.039320
-0.051300
-0.063280
-0.048250
-0.033220
-0.018185
-0.003150
0.011880
0.026910
0.019435
0.011960
0.004480
-0.003000
0.000175
0.003350
0.006525
0.009700
0.012875
0.016050
0.019220
0.022390
0.032270
0.042150
0.052030
0.061910
0.071790
0.081670
0.058220
0.034770
0.011325
-0.012120
-0.012605
-0.013090
-0.013580
-0.014070
-0.033405
-0.052740
-0.039090
-0.025440
-0.011790
0.001860
0.015510
0.029160
0.042810
0.056460
0.070110
0.083760
0.050650
0.017540
-0.015575
-0.048690
-0.034715
-0.020740
-0.006760
0.007220
0.021195
0.035170
0.014945
-0.005280
-0.025500
-0.045720
-0.065945
-0.086170
-0.077885
-0.069600
-0.061315
-0.053030
-0.044745
-0.036460
-0.028175
-0.019890
-0.011605
-0.003320
0.004965
0.013250
0.021535
0.029820
0.020415
0.011010
0.001600
-0.007810
-0.017215
-0.026620
-0.016125
-0.005630
0.004865
0.015360
0.025855
0.036350
0.046845
0.057340
0.044465
0.031590
0.018715
0.005840
-0.007040
-0.019920
-0.010965
-0.002010
0.006940
0.015890
0.002825
-0.010240
-0.023300
-0.036360
-0.049425
-0.062490
-0.055145
-0.047800
-0.040455
-0.033110
-0.041260
-0.049410
-0.057555
-0.065700
-0.073850
-0.082000
-0.065900
-0.049800
-0.033700
-0.017600
-0.001500
0.014600
0.030700
0.046800
0.062900
0.079000
0.063250
0.047500
0.031750
0.016000
0.000250
-0.015500
-0.008260
-0.001020
0.006225
0.013470
0.020710
0.027950
0.035195
0.042440
0.049680
0.056920
0.047365
0.037810
0.028255
0.018700
0.009145
-0.000410
-0.009965
-0.019520
-0.011895
-0.004270
0.003355
0.010980
0.018605
0.026230
0.033855
0.041480
0.029845
0.018210
0.006575
-0.005060
-0.006900
-0.008740
-0.023000
-0.037260
-0.051525
-0.065790
-0.045895
-0.026000
-0.006100
0.013800
0.033695
0.053590
0.073485
0.093380
0.076105
0.058830
0.041560
0.024290
0.007015
-0.010260
-0.027530
-0.044800
-0.027815
-0.010830
-0.014760
-0.018690
-0.022620
-0.026550
-0.030480
-0.034410
-0.029720
-0.025030
-0.020335
-0.015640
-0.010950
-0.006260
-0.008175
-0.010090
-0.012005
-0.013920
0.000490
0.014900
0.029310
0.043720
0.039175
0.034630
0.027805
0.020980
0.014155
0.007330
0.000505
-0.006320
-0.013145
-0.019970
-0.006150
0.007670
0.021495
0.035320
0.034705
0.034090
0.033480
0.032870
0.032255
0.031640
0.027835
0.024030
0.020225
0.016420
0.013120
0.009820
0.006520
0.003220
-0.000085
-0.003390
0.009315
0.022020
0.001305
-0.019410
-0.040130
-0.060850
-0.081565
-0.102280
-0.090375
-0.078470
-0.066565
-0.054660
-0.042750
-0.030840
-0.018935
-0.007030
0.004875
0.016780
0.018120
0.019460
0.020800
0.022140
0.023485
0.024830
0.021460
0.018090
0.008035
-0.002020
-0.012075
-0.022130
-0.012455
-0.002780
0.006890
0.016560
0.026230
0.035900
0.045575
0.055250
0.064920
0.074590
0.068310
0.062030
0.055755
0.049480
0.043200
0.036920
0.017735
-0.001450
0.022270
0.045990
0.043390
0.040790
0.038185
0.035580
0.032975
0.030370
0.033315
0.036260
0.039205
0.042150
0.045090
0.048030
0.050975
0.053920
0.051695
0.049470
0.047245
0.045020
0.042790
0.040560
0.038335
0.036110
0.033885
0.031660
0.018900
0.006140
-0.006615
-0.019370
-0.032130
-0.044890
-0.057645
-0.070400
-0.083160
-0.095920
-0.086685
-0.077450
-0.068220
-0.058990
-0.049755
-0.040520
-0.031290
-0.022060
-0.012825
-0.003590
0.005640
0.014870
0.012460
0.010050
0.007640
0.005230
0.002820
0.000410
-0.002000
-0.004410
-0.006820
-0.009230
-0.010560
-0.011890
-0.013560
-0.015230
-0.016895
-0.018560
-0.020230
-0.021900
-0.015865
-0.009830
-0.003795
0.002240
0.008275
0.014310
0.008830
0.003350
-0.002125
-0.007600
-0.013080
-0.018560
-0.012965
-0.007370
-0.001770
0.003830
0.009425
0.015020
0.020620
0.026220
0.018190
0.010160
0.002130
-0.005900
-0.013930
-0.021960
-0.011585
-0.001210
0.009160
0.019530
0.029900
0.040270
0.034265
0.028260
0.022255
0.016250
0.010245
0.004240
0.003100
0.001960
0.000825
-0.000310
-0.001445
-0.002580
-0.003720
-0.004860
-0.005995
-0.007130
-0.008270
-0.009410
-0.010545
-0.011680
-0.012820
-0.013960
-0.015730
-0.017500
-0.019270
-0.021040
-0.022810
-0.024580
-0.026355
-0.028130
-0.029900
-0.031670
-0.033440
-0.035210
-0.038630
-0.042050
-0.045470
-0.048890
-0.042240
-0.035590
-0.028940
-0.022290
-0.015640
-0.008990
-0.002340
0.004310
0.010965
0.017620
0.012380
0.007140
0.001900
-0.003340
-0.008585
-0.013830
-0.000345
0.013140
0.026625
0.040110
0.053595
0.067080
0.057640
0.048200
0.038760
0.029320
0.019875
0.010430
0.000990
-0.008450
-0.017890
-0.027330
-0.036770
-0.046210
-0.038880
-0.031550
-0.024215
-0.016880
-0.009550
-0.002220
0.005110
0.012440
0.019635
0.026830
0.034020
0.041210
0.048400
0.055590
0.044060
0.032530
0.020995
0.009460
-0.002070
-0.013600
-0.013960
-0.014320
-0.014680
-0.015040
-0.015400
-0.015760
-0.028925
-0.042090
-0.034470
-0.026850
-0.019230
-0.011610
-0.003990
0.003630
0.011250
0.018870
0.026490
0.034110
0.032630
0.031150
0.029670
0.028190
0.028680
0.029170
0.029660
0.030150
0.030640
0.031130
0.017505
0.003880
-0.009745
-0.023370
-0.036995
-0.050620
-0.044410
-0.038200
-0.031995
-0.025790
-0.019580
-0.013370
-0.007160
-0.000950
0.005255
0.011460
0.017670
0.023880
0.030085
0.036290
0.023380
0.010470
-0.002440
-0.015350
-0.028260
-0.041170
-0.054080
-0.066990
-0.059530
-0.052070
-0.044610
-0.037150
-0.029685
-0.022220
-0.014760
-0.007300
0.000160
0.007620
0.015080
0.022540
0.030005
0.037470
0.038740
0.040010
0.041285
0.042560
0.043815
0.045070
0.046330
0.047590
0.048845
0.050100
0.047775
0.045450
0.043125
0.040800
0.034780
0.028760
0.022735
0.016710
0.010690
0.004670
-0.001355
-0.007380
-0.004270
-0.001160
0.001950
0.005060
0.008170
0.011280
0.014390
0.017500
0.007695
-0.002110
-0.011920
-0.021730
-0.031540
-0.041350
-0.051155
-0.060960
-0.070770
-0.080580
-0.075265
-0.069950
-0.064630
-0.059310
-0.053995
-0.048680
-0.043365
-0.038050
-0.031810
-0.025570
-0.019335
-0.013100
-0.006865
-0.000630
0.005610
0.011850
0.018085
0.024320
0.030560
0.036800
0.043035
0.049270
0.039505
0.029740
0.019975
0.010210
0.000445
-0.009320
-0.019080
-0.028840
-0.038605
-0.048370
-0.058135
-0.067900
-0.058260
-0.048620
-0.038980
-0.029340
-0.019700
-0.010060
-0.000420
0.009220
0.018865
0.028510
0.038150
0.047790
0.036175
0.024560
0.012945
0.001330
-0.010285
-0.021900
-0.033515
-0.045130
-0.056745
-0.068360
-0.059070
-0.049780
-0.040490
-0.031200
-0.021910
-0.012620
-0.003330
0.005960
0.015245
0.024530
0.033820
0.043110
0.052400
0.061690
0.070980
0.080270
0.089560
0.098850
0.081685
0.064520
0.047355
0.030190
0.013025
-0.004140
-0.021310
-0.038480
-0.055645
-0.072810
-0.066400
-0.059990
-0.053580
-0.047170
-0.040760
-0.034350
-0.033330
-0.032310
-0.031295
-0.030280
-0.029260
-0.028240
-0.016100
-0.003960
0.008180
0.020320
0.011725
0.003130
-0.005465
-0.014060
-0.022650
-0.031240
-0.039835
-0.048430
-0.057025
-0.065620
-0.058470
-0.051320
-0.044170
-0.037020
-0.029870
-0.022720
-0.015575
-0.008430
-0.001280
0.005870
0.013020
0.020170
0.023575
0.026980
0.030385
0.033790
0.037200
0.040610
0.044015
0.047420
0.050825
0.054230
0.044790
0.035350
0.025910
0.016470
0.016345
0.016220
0.016100
0.015980
0.015860
0.015740
0.011605
0.007470
0.003335
-0.000800
-0.004935
-0.009070
-0.004175
0.000720
0.005615
0.010510
0.015405
0.020300
0.025195
0.030090
0.034990
0.039890
0.037335
0.034780
0.032225
0.029670
0.027120
0.024570
0.027660
0.030750
0.033845
0.036940
0.040035
0.043130
0.046220
0.049310
0.052405
0.055500
0.058590
0.061680
0.028210
-0.005260
-0.038730
-0.072200
-0.067780
-0.063360
-0.058935
-0.054510
-0.050085
-0.045660
-0.041235
-0.036810
-0.036795
-0.036780
-0.036765
-0.036750
-0.036735
-0.036720
-0.027185
-0.017650
-0.008110
0.001430
0.010970
0.020510
0.030045
0.039580
0.049120
0.058660
0.047110
0.035560
0.024005
0.012450
0.000895
-0.010660
-0.022210
-0.033760
-0.045315
-0.056870
-0.050945
-0.045020
-0.039095
-0.033170
-0.027240
-0.021310
-0.015385
-0.009460
-0.003535
0.002390
0.000155
-0.002080
-0.004310
-0.006540
-0.008775
-0.011010
-0.013245
-0.015480
-0.013740
-0.012000
-0.010255
-0.008510
-0.006770
-0.005030
-0.003285
-0.001540
0.000205
0.001950
0.001230
0.000510
-0.000205
-0.000920
0.005215
0.011350
0.017490
0.023630
0.029765
0.035900
0.042040
0.048180
0.054315
0.060450
0.066590
0.072730
0.050600
0.028470
0.006340
-0.015790
-0.037915
-0.060040
-0.055365
-0.050690
-0.046015
-0.041340
-0.036665
-0.031990
-0.031670
-0.031350
-0.031030
-0.030710
-0.030390
-0.030070
-0.024350
-0.018630
-0.012910
-0.007190
-0.001470
0.004250
0.009975
0.015700
0.021420
0.027140
0.032860
0.038580
0.034165
0.029750
0.025335
0.020920
0.022130
0.023340
0.024550
0.025760
0.026975
0.028190
0.029400
0.030610
0.031825
0.033040
0.023375
0.013710
0.004050
-0.005610
-0.015275
-0.024940
-0.023510
-0.022080
-0.020655
-0.019230
-0.017805
-0.016380
-0.014955
-0.013530
-0.013070
-0.012610
-0.012155
-0.011700
-0.006695
-0.001690
0.003320
0.008330
0.013335
0.018340
0.023345
0.028350
0.033355
0.038360
0.043370
0.048380
0.042935
0.037490
0.032045
0.026600
0.021155
0.015710
0.010265
0.004820
-0.000625
-0.006070
-0.011515
-0.016960
-0.012380
-0.007800
-0.003220
0.001360
0.005940
0.010520
0.015100
0.019680
0.024260
0.028840
0.011900
-0.005040
-0.021985
-0.038930
-0.031175
-0.023420
-0.015665
-0.007910
-0.000160
0.007590
0.015345
0.023100
0.015085
0.007070
-0.000940
-0.008950
-0.016965
-0.024980
-0.032990
-0.041000
-0.049015
-0.057030
-0.043115
-0.029200
-0.015285
-0.001370
0.012540
0.026450
0.040365
0.054280
0.045075
0.035870
0.026665
0.017460
0.008250
-0.000960
-0.010165
-0.019370
-0.028575
-0.037780
-0.030295
-0.022810
-0.015325
-0.007840
-0.000355
0.007130
0.014615
0.022100
0.029585
0.037070
0.044555
0.052040
0.059525
0.067010
0.074495
0.081980
0.056415
0.030850
0.005290
-0.020270
-0.045835
-0.071400
-0.096965
-0.122530
-0.104485
-0.086440
-0.068395
-0.050350
-0.032305
-0.014260
0.003785
0.021830
0.039875
0.057920
0.075960
0.094000
0.112045
0.130090
0.083100
0.036110
-0.010880
-0.057870
-0.052945
-0.048020
-0.043095
-0.038170
-0.033245
-0.028320
-0.023390
-0.018460
-0.013535
-0.008610
-0.022565
-0.036520
-0.050480
-0.064440
-0.063065
-0.061690
-0.060315
-0.058940
-0.057560
-0.056180
-0.058455
-0.060730
-0.063005
-0.065280
-0.055780
-0.046280
-0.036780
-0.027280
-0.017785
-0.008290
0.001210
0.010710
0.020205
0.029700
0.030540
0.031380
0.032220
0.033060
0.033900
0.034740
0.035580
0.036420
0.041080
0.045740
0.050400
0.055060
0.059725
0.064390
0.069050
0.073710
0.078370
0.083030
0.059540
0.036050
0.012565
-0.010920
-0.034410
-0.057900
-0.052430
-0.046960
-0.041490
-0.036020
-0.030550
-0.025080
-0.019610
-0.014140
-0.024875
-0.035610
-0.046345
-0.057080
-0.067815
-0.078550
-0.070795
-0.063040
-0.055285
-0.047530
-0.039780
-0.032030
-0.024275
-0.016520
-0.008770
-0.001020
0.004100
0.009220
0.014340
0.019460
0.024580
0.029700
0.034815
0.039930
0.045050
0.050170
0.055290
0.060410
0.065530
0.070650
0.075770
0.080890
0.039485
-0.001920
-0.043325
-0.084730
-0.077525
-0.070320
-0.063110
-0.055900
-0.048690
-0.041480
-0.047220
-0.052960
-0.058695
-0.064430
-0.070165
-0.075900
-0.081640
-0.087380
-0.093115
-0.098850
-0.083415
-0.067980
-0.052540
-0.037100
-0.021665
-0.006230
0.009210
0.024650
0.040090
0.055530
0.070965
0.086400
0.101840
0.117280
0.132715
0.148150
0.117650
0.087150
0.056650
0.026150
-0.004350
-0.034850
-0.065345
-0.095840
-0.083420
-0.071000
-0.058580
-0.046160
-0.033740
-0.021320
-0.008895
0.003530
0.015950
0.028370
0.040790
0.053210
0.024260
-0.004690
-0.033635
-0.062580
-0.091530
-0.120480
-0.110040
-0.099600
-0.089160
-0.078720
-0.068280
-0.057840
-0.047400
-0.036960
-0.026520
-0.016080
-0.005640
0.004800
0.015240
0.025680
0.036120
0.046560
0.057000
0.067440
0.077880
0.088320
0.098760
0.109200
0.119640
0.130080
0.120015
0.109950
0.099885
0.089820
0.079755
0.069690
0.059620
0.049550
0.044805
0.040060
0.035310
0.030560
0.025815
0.021070
0.016325
0.011580
0.009690
0.007800
0.005910
0.004020
0.002130
0.000240
-0.001650
-0.003540
-0.005430
-0.007320
-0.009210
-0.011100
-0.009450
-0.007800
-0.006150
-0.004500
-0.002850
-0.001200
0.000450
0.002100
0.003750
0.005400
-0.001455
-0.008310
-0.015170
-0.022030
-0.028890
-0.035750
-0.042610
-0.049470
-0.056330
-0.063190
-0.056825
-0.050460
-0.044095
-0.037730
-0.031365
-0.025000
-0.018635
-0.012270
-0.005905
0.000460
0.002640
0.004820
0.007005
0.009190
0.011370
0.013550
0.015730
0.017910
0.020095
0.022280
0.015555
0.008830
0.002105
-0.004620
-0.011345
-0.018070
-0.024795
-0.031520
-0.027140
-0.022760
-0.018385
-0.014010
-0.009635
-0.005260
-0.000880
0.003500
0.007875
0.012250
0.016630
0.021010
0.017690
0.014370
0.011050
0.007730
0.004415
0.001100
0.004665
0.008230
0.011800
0.015370
0.018940
0.022510
0.019820
0.017130
0.014440
0.011750
0.009060
0.006370
0.010065
0.013760
0.017450
0.021140
0.024830
0.028520
0.032215
0.035910
0.039600
0.043290
0.038935
0.034580
0.030225
0.025870
0.021510
0.017150
0.012795
0.008440
0.004085
-0.000270
-0.004625
-0.008980
-0.005120
-0.001260
0.002595
0.006450
0.010310
0.014170
0.017280
0.020390
0.023500
0.026610
0.029720
0.032830
0.035940
0.039050
0.042160
0.045270
0.040830
0.036390
0.031945
0.027500
0.023060
0.018620
0.014180
0.009740
0.005300
0.000860
-0.006235
-0.013330
-0.020425
-0.027520
-0.034615
-0.041710
-0.034915
-0.028120
-0.021325
-0.014530
-0.007735
-0.000940
0.005850
0.012640
0.019435
0.026230
0.021565
0.016900
0.012230
0.007560
0.002895
-0.001770
-0.006440
-0.011110
-0.015775
-0.020440
-0.025105
-0.029770
-0.034440
-0.039110
-0.031765
-0.024420
-0.017075
-0.009730
-0.002385
0.004960
0.012305
0.019650
0.026995
0.034340
0.027440
0.020540
0.013640
0.006740
-0.000160
-0.007060
-0.013960
-0.020860
-0.027760
-0.034660
-0.030645
-0.026630
-0.022615
-0.018600
-0.014585
-0.010570
-0.006555
-0.002540
-0.001585
-0.000630
0.000325
0.001280
0.002235
0.003190
0.004145
0.005100
0.007545
0.009990
0.012435
0.014880
0.011395
0.007910
0.004420
0.000930
-0.002560
-0.006050
-0.001315
0.003420
0.008150
0.012880
0.017615
0.022350
0.027080
0.031810
0.036545
0.041280
0.034175
0.027070
0.019970
0.012870
0.005765
-0.001340
-0.008440
-0.015540
-0.022645
-0.029750
-0.036850
-0.043950
-0.040035
-0.036120
-0.032200
-0.028280
-0.024360
-0.020440
-0.016520
-0.012600
-0.008680
-0.004760
-0.000845
0.003070
0.006990
0.010910
0.010375
0.009840
0.009300
0.008760
0.008220
0.007680
0.007145
0.006610
0.009475
0.012340
0.015205
0.018070
0.020935
0.023800
0.026665
0.029530
0.032395
0.035260
0.031550
0.027840
0.024130
0.020420
0.016710
0.013000
-0.010575
-0.034150
-0.020215
-0.006280
-0.006245
-0.006210
-0.006180
-0.006150
-0.006120
-0.006090
-0.006055
-0.006020
-0.005990
-0.005960
-0.005930
-0.005900
-0.005865
-0.005830
-0.005800
-0.005770
-0.005740
-0.005710
-0.005675
-0.005640
-0.005610
-0.005580
-0.005550
-0.005520
-0.005485
-0.005450
-0.005420
-0.005390
-0.005355
-0.005320
-0.005290
-0.005260
-0.005230
-0.005200
-0.005165
-0.005130
-0.005100
-0.005070
-0.005040
-0.005010
-0.004975
-0.004940
-0.004910
-0.004880
-0.004850
-0.004820
-0.004785
-0.004750
-0.004720
-0.004690
-0.004660
-0.004630
-0.004595
-0.004560
-0.004530
-0.004500
-0.004470
-0.004440
-0.004405
-0.004370
-0.004340
-0.004310
-0.004280
-0.004250
-0.004215
-0.004180
-0.004150
-0.004120
-0.004090
-0.004060
-0.004025
-0.003990
-0.003960
-0.003930
-0.003900
-0.003870
-0.003835
-0.003800
-0.003770
-0.003740
-0.003710
-0.003680
-0.003645
-0.003610
-0.003580
-0.003550
-0.003520
-0.003490
-0.003455
-0.003420
-0.003390
-0.003360
-0.003330
-0.003300
-0.003265
-0.003230
-0.003200
-0.003170
-0.003140
-0.003110
-0.003075
-0.003040
-0.003010
-0.002980
-0.002950
-0.002920
-0.002885
-0.002850
-0.002820
-0.002790
-0.002760
-0.002730
-0.002695
-0.002660
-0.002630
-0.002600
-0.002570
-0.002540
-0.002505
-0.002470
-0.002440
-0.002410
-0.002380
-0.002350
-0.002315
-0.002280
-0.002250
-0.002220
-0.002190
-0.002160
-0.002125
-0.002090
-0.002060
-0.002030
-0.002000
-0.001970
-0.001935
-0.001900
-0.001870
-0.001840
-0.001810
-0.001780
-0.001745
-0.001710
-0.001680
-0.001650
-0.001615
-0.001580
-0.001550
-0.001520
-0.001490
-0.001460
-0.001425
-0.001390
-0.001360
-0.001330
-0.001300
-0.001270
-0.001235
-0.001200
-0.001170
-0.001140
-0.001110
-0.001080
-0.001045
-0.001010
-0.000980
-0.000950
-0.000920
-0.000890
-0.000855
-0.000820
-0.000790
-0.000760
-0.000730
-0.000700
-0.000665
-0.000630
-0.000600
-0.000570
-0.000540
-0.000510
-0.000475
-0.000440
-0.000410
-0.000380
-0.000350
-0.000320
-0.000285
-0.000250
-0.000220
-0.000190
-0.000160
-0.000130
-0.000095
-0.000060
-0.000030
0.000000
0.000000
0.000000
0.000000
0.000000
0.000000
0.000000
0.000000
0.000000
0.000000
0.000000
0.000000
0.000000
0.000000
0.000000
0.000000
0.000000
0.000000
0.000000
0.000000
0.000000
0.000000
0.000000
0.000000
0.000000
0.000000
0.000000
0.000000
0.000000
0.000000
0.000000
0.000000
0.000000
0.000000
0.000000
0.000000
0.000000
0.000000
0.000000
0.000000
0.000000
0.000000
0.000000
0.000000
0.000000
0.000000
0.000000
0.000000
0.000000
0.000000
0.000000
0.000000
0.000000
0.000000
0.000000
0.000000
0.000000
0.000000
0.000000
0.000000
0.000000
0.000000
0.000000
0.000000
0.000000
0.000000
0.000000
0.000000
0.000000
0.000000
0.000000
0.000000
0.000000
0.000000
0.000000
0.000000
0.000000
0.000000
0.000000
0.000000
0.000000
0.000000
0.000000
0.000000
0.000000
0.000000
0.000000
0.000000
0.000000
0.000000
0.000000
0.000000
0.000000
0.000000
0.000000
0.000000
0.000000
0.000000
0.000000
0.000000
0.000000
0.000000
0.000000
0.000000
0.000000
0.000000
0.000000
0.000000
0.000000
0.000000
0.000000
0.000000
0.000000
0.000000
0.000000
0.000000
0.000000
0.000000
0.000000
0.000000
0.000000
0.000000
0.000000
0.000000
0.000000
0.000000
0.000000
0.000000
0.000000
0.000000
0.000000
0.000000
0.000000
0.000000
0.000000
0.000000
0.000000
0.000000
0.000000
0.000000
0.000000
0.000000
0.000000
0.000000
0.000000
0.000000
0.000000
0.000000
0.000000
0.000000
0.000000
0.000000
0.000000
0.000000
0.000000
0.000000
0.000000
0.000000
0.000000
0.000000
0.000000
0.000000
0.000000
0.000000
0.000000
0.000000
0.000000
0.000000
0.000000
0.000000
0.000000
0.000000
0.000000
0.000000
0.000000
0.000000
0.000000
0.000000
0.000000
0.000000
0.000000
0.000000
0.000000
0.000000
0.000000
0.000000
0.000000
0.000000
0.000000
0.000000
0.000000
0.000000
0.000000
0.000000
0.000000
0.000000
0.000000
0.000000
0.000000
0.000000
0.000000
0.000000
0.000000
0.000000
0.000000
0.000000
0.000000
0.000000
0.000000
0.000000
0.000000
0.000000
0.000000
0.000000
0.000000
0.000000
0.000000
0.000000
0.000000
0.000000
0.000000
0.000000
0.000000
0.000000
0.000000
0.000000
0.000000
0.000000
0.000000
0.000000
0.000000
0.000000
0.000000
0.000000
0.000000
0.000000
0.000000
0.000000
0.000000
0.000000
0.000000
0.000000
0.000000
0.000000
0.000000
0.000000
0.000000
0.000000
0.000000
0.000000
0.000000
0.000000
0.000000
0.000000
0.000000
0.000000
0.000000
0.000000
0.000000
0.000000
0.000000
0.000000
0.000000
0.000000
0.000000
0.000000
0.000000
0.000000
0.000000
0.000000
0.000000
0.000000
0.000000
0.000000
0.000000
0.000000
0.000000
0.000000
0.000000
0.000000
0.000000
0.000000
0.000000
0.000000
0.000000
0.000000
0.000000
0.000000
0.000000
0.000000
0.000000
0.000000
0.000000
0.000000
0.000000
0.000000
0.000000
0.000000
0.000000
0.000000
0.000000
0.000000
0.000000
0.000000
0.000000
0.000000
0.000000
0.000000
0.000000
0.000000
0.000000
0.000000
0.000000
0.000000
0.000000
0.000000
0.000000
0.000000
0.000000
0.000000
0.000000
0.000000
0.000000
0.000000
0.000000
0.000000
0.000000
0.000000
0.000000
0.000000
0.000000
0.000000
0.000000
0.000000
0.000000
0.000000
0.000000
0.000000
0.000000
0.000000
0.000000
0.000000
0.000000
0.000000
0.000000
0.000000
0.000000
0.000000
0.000000
0.000000
0.000000
0.000000
0.000000
0.000000
0.000000
0.000000
0.000000
0.000000
0.000000
0.000000
0.000000
0.000000
0.000000
0.000000
0.000000
0.000000
0.000000
0.000000
0.000000
0.000000
0.000000
0.000000
0.000000
0.000000
0.000000
0.000000
0.000000
0.000000
0.000000
0.000000
0.000000
0.000000
0.000000
0.000000
0.000000
0.000000
0.000000
0.000000
0.000000
0.000000
0.000000
0.000000
0.000000
0.000000
0.000000
0.000000
0.000000
0.000000
0.000000
0.000000
0.000000
0.000000
0.000000
0.000000
0.000000
0.000000
0.000000
0.000000
0.000000
0.000000
0.000000
0.000000
0.000000
0.000000
0.000000
0.000000
0.000000
0.000000
0.000000
0.000000
0.000000
0.000000
0.000000
0.000000
0.000000
0.000000
0.000000
0.000000
0.000000
0.000000
0.000000
0.000000
0.000000
0.000000
0.000000
0.000000
0.000000
0.000000
0.000000
0.000000
0.000000
0.000000
0.000000
0.000000
0.000000
0.000000
0.000000
0.000000
0.000000
0.000000
0.000000
0.000000
0.000000
0.000000
0.000000
0.000000
0.000000
0.000000
0.000000
0.000000
0.000000
0.000000
0.000000
0.000000
0.000000
0.000000
0.000000
0.000000
0.000000
0.000000
0.000000
0.000000
0.000000
0.000000
0.000000
0.000000
0.000000
0.000000
0.000000
0.000000
0.000000
0.000000
0.000000
0.000000
0.000000
0.000000
0.000000
0.000000
0.000000
0.000000
0.000000
0.000000
0.000000
0.000000
0.000000
0.000000
0.000000
0.000000
0.000000
0.000000
