-0.001393873
-0.002232681
-0.001235891
-0.001058646
0.000124455
0.000785897
0.001178153
0.007083361
0.011620591
0.010828197
0.008258816
0.00254829
-0.001165049
0.005927055
0.006581209
-0.004932574
-0.009315373
-0.001738334
-0.002268637
-0.009920911
0.00083931
0.003688275
0.002988645
0.012637934
0.011652002
0.001494215
-0.008118363
-0.029034477
-0.018133096
-0.009099783
-0.002991009
-0.00462355
-0.00866612
-0.006908713
0.004347772
0.001405228
0.009216543
0.002046408
0.010164415
-0.002329936
0.004313523
-0.003333538
-0.014185374
0.011835501
0.002685386
0.025493368
0.059000267
0.048092518
0.057137532
0.052670722
0.012526215
-0.00748611
-0.006009824
0.002232617
-0.032971944
-0.001220487
-0.034970901
-0.069115299
-0.079756866
-0.086904387
-0.07714923
-0.061769275
-0.056955004
-0.062327221
-0.051091763
-0.056841666
-0.07406903
-0.086525407
-0.054965977
-0.063480461
-0.057411486
-0.048313365
-0.014932433
0.031536978
-0.001903872
-0.0134884
-0.033407378
-0.081089288
-0.082162113
-0.066249577
-0.038553567
-0.000292179
0.018613649
0.054768445
0.021608252
-0.036738865
0.018470195
0.022695001
0.040981805
0.023988888
0.024233051
0.090368642
0.088236809
0.044311781
0.053949066
0.022658517
0.029524312
-0.040201932
-0.038812085
-0.100272649
-0.049637907
-0.070226982
-0.020808087
-0.023429755
-0.016509665
-0.104551533
-0.049725447
-0.102320719
-0.167118383
-0.178903368
-0.104713013
-0.03195989
0.055194056
0.112293053
0.089836277
0.006935137
0.068883118
0.072295669
0.030484015
0.099573408
0.144025512
0.10979746
0.134787931
0.102760362
-0.057031426
-0.077640361
-0.032941936
-0.058112454
-0.004722111
0.05841091
0.10546331
-0.019941321
-0.124405099
-0.134648688
-0.028606815
-0.013195017
-0.013591807
-0.089633888
-0.022179799
0.13407876
0.169212436
0.213158405
0.131209691
0.100657674
0.139958299
0.131428811
0.082919858
0.047853537
-0.05893302
-0.013754474
0.001140428
-0.015433063
0.012818843
-0.002414303
0.030414069
0.063919349
-0.06946071
-0.062715053
0.033681655
-0.047331643
-0.037315269
-0.040587389
0.086515044
0.049883149
-0.084434592
0.039254103
0.010743982
0.060303869
0.071367269
0.073961413
0.043587497
0.00640737
-0.046108457
-0.08697131
-0.117241063
-0.029758436
-0.125108873
-0.092566426
-0.153404494
-0.326319302
-0.237929757
-0.157718891
-0.045028184
-0.01450693
0.006223148
0.064221152
0.075877147
0.079396559
-0.037568067
-0.015281838
-0.039433717
-0.01995503
-0.173797764
-0.167771425
-0.231962785
-0.136212751
-0.002364175
-0.015167096
0.004747931
0.080606145
0.262744285
0.2765197
0.191017572
0.248313669
0.241737911
0.325349993
0.223457044
0.280396936
0.313962231
0.327953527
0.203339023
0.131598279
-0.011693667
0.086195
0.035851699
0.017342429
-0.058796151
0.068268934
0.085361912
-0.074644678
-0.169686296
-0.172123601
-0.071831415
0.107232677
0.024315949
0.072277859
-0.019454508
0.020292561
-0.06521669
-0.107304673
-0.085291643
-0.191718109
-0.15178862
-0.107462051
0.047579259
0.060130192
0.025508264
0.022976403
0.017056709
0.14764261
0.077021644
0.122628392
0.126581187
0.016452348
0.002717314
-0.024833526
-0.062943779
0.023063403
0.079338919
0.120882988
0.041845979
-0.024412017
0.022720799
0.178160735
0.137506962
0.180373523
0.207637229
-0.101286753
-0.171874258
-0.477498056
-0.420312059
-0.199538425
-0.103774251
0.023447241
0.059826123
0.172269322
0.078897441
0.104374186
-0.074365975
-0.122474036
-0.064040027
-0.038313614
-0.036051065
-0.071272713
-0.158203546
-0.035369419
-0.019387585
-0.085250841
-0.064379825
0.120908894
0.078591105
0.005446179
-0.128849024
-0.105551605
-0.166380067
-0.097129626
-0.085906258
-0.082232706
-0.141092758
-0.119843517
0.017758217
0.118204975
0.202793922
0.074078097
0.071685587
0.096611726
0.033314656
-0.010061029
0.068247022
0.067390943
0.063638271
0.020873931
-0.030206823
-0.089526163
-0.03673962
-0.103035935
-0.008997671
-0.01380186
-0.043024262
0.065526697
-0.004506208
0.009610257
0.014536182
0.127964989
0.03496151
0.103256566
0.152555
0.174423821
0.057031102
-0.020281227
-0.035283066
0.051882214
-0.080990522
-0.161008929
-0.075187837
-0.031899767
-0.076454415
0.015531505
0.024209088
0.088603161
0.17667115
0.144062212
0.115751478
0.119946061
0.002929623
-0.08284894
-0.096380841
0.073403142
0.131424494
0.060226692
0.020451774
0.041101295
-0.042214921
-0.060793705
-0.054487259
-0.103994019
-0.07892054
-0.203464235
-0.138621991
-0.118483462
-0.056718505
-0.057359998
-0.071505973
0.132828805
0.030162027
-0.034029657
-0.075321468
-0.109418587
-0.179882392
-0.219708257
-0.284621742
-0.123883744
-0.082207664
-0.061949752
-0.193265981
-0.227127034
-0.198357552
-0.200229247
-0.139059152
-0.233874418
-0.202040495
-0.054801583
-0.10248004
-0.156715041
-0.185578432
-0.285231608
-0.143002232
-0.020973992
0.053180959
0.080734487
-0.080688072
0.031542915
0.162429431
0.174761676
0.065757042
0.028960861
0.237288588
0.081537999
0.060138612
0.042409107
0.127635769
0.119110599
0.000349843
-0.011909441
-0.059959538
-0.02245969
-0.068432357
0.05045761
0.059384645
-0.189973784
-0.138804412
-0.0755326
0.052646543
0.13274677
0.095646843
0.104905903
0.244306904
0.096545774
0.139625842
0.051073629
0.039795319
-0.054422926
-0.053633339
-0.084670011
-0.142235852
-0.259919472
-0.161747245
-0.11427053
-0.036149939
0.012648404
-0.031822913
-0.032501106
0.006210519
0.056972922
-0.058723399
0.017562304
-0.073105873
-0.053229424
-0.042651002
0.058148938
0.102019348
0.132925951
0.232481981
0.227328883
0.130961427
0.141059296
0.242151324
0.050683639
-0.038908476
0.104999812
0.239491661
0.130748784
0.043372263
0.082182945
0.068661515
0.074961053
0.094951919
0.063334849
0.185169336
0.313779811
0.149100892
0.228788244
0.03532689
0.023266008
0.101996573
0.071791693
-0.039379207
-0.120578594
-0.239631984
-0.071159915
-0.027026237
0.01460494
0.046060207
-0.0098702
-0.020188938
-0.061273934
-0.086648351
-0.067161785
0.005051007
0.068886356
0.032888506
0.010019288
-0.019027062
0.072167975
0.060289945
0.062150954
0.028034189
0.215351764
0.030287454
0.026905883
-0.028820862
-0.007827408
-0.028791286
0.042135261
0.077549367
0.066352876
-0.07112505
0.043607143
0.011190015
-0.020433856
0.064865019
0.069495359
-0.022484516
-0.11114888
-0.01679355
0.017643476
0.070908305
0.060368418
0.112182953
0.000699557
0.057844328
0.060780752
0.097549516
0.206462832
0.153350524
0.129170688
0.084911691
0.042663847
0.134587161
0.215734954
0.176058046
0.100462301
0.061027721
-0.003119578
-0.303273925
-0.239253112
-0.269287661
-0.092532856
0.00544633
0.124317666
0.089897048
-0.004870724
-0.058256339
0.04233031
0.061753623
-0.003842587
-0.001530353
0.094928388
0.02119689
0.139754291
0.061623446
-0.019138781
-0.013123668
0.056362192
0.032706841
0.077867793
0.132667973
0.167651611
0.000389274
0.001498748
0.115484865
0.111296759
0.006132251
0.031085893
0.135498182
0.067744774
-0.080699514
-0.18271584
-0.267600545
-0.263102649
-0.216882365
-0.192588112
-0.060319845
0.025273385
0.028934523
-0.112094442
-0.0892684
-0.087873912
-0.105974734
-0.013942075
0.127680025
0.059518707
0.022791932
-0.160964673
-0.173392986
-0.113335762
-0.032499055
-0.023024976
-0.026827194
-0.015644951
0.089752191
-0.049523166
-0.021849824
-0.038096329
0.092556819
-0.037422994
-0.095146429
-0.074252853
-0.071004588
0.178384172
0.232969873
0.148560108
0.041820721
-0.037739153
-0.011996333
0.170770023
0.146828736
0.174090284
0.208211475
0.099595104
0.020293425
0.026665714
0.13241755
0.088635111
0.080630648
0.132694958
0.118114304
0.04802581
0.121838265
0.085860707
0.05209842
0.060420445
0.064460133
-0.040136412
0.062592863
0.136857158
0.103352418
0.14220347
0.13155834
-0.013220491
0.020780022
-0.054469341
-0.132816931
-0.135493865
-0.119636271
-0.152756849
-0.094217813
-0.078276889
-0.122547436
-0.015182316
0.092195109
0.036940714
-0.072698504
-0.180233199
-0.215955153
-0.138102796
-0.242537753
-0.270970459
-0.296050522
-0.13950063
-0.161290655
-0.070688969
-0.071588224
-0.100820557
-0.013710974
-0.106559773
0.016909478
0.027515964
0.091459492
0.066966952
0.106902054
0.228606903
0.223828361
0.295038036
0.313177501
0.145037997
0.118509368
0.022794415
-0.067643201
-0.128936457
-0.168067183
-0.002553212
0.054217407
-0.061021892
0.041416914
-0.138784982
-0.102127181
-0.143106935
-0.042282384
-0.009578997
0.068877289
0.0563555
-0.04026389
-0.170918981
-0.168818452
-0.117978299
-0.022949094
-0.069938024
0.05449665
-0.082528572
-0.091365584
0.083332947
0.010984927
0.030012745
0.006074761
-0.00532535
0.162918403
0.115623029
0.077502521
0.193242234
0.046659711
-0.057490822
-0.049678277
-0.065393713
-0.124542183
-0.179806833
-0.152477282
-0.038423714
-0.126803545
-0.100010245
-0.134842981
-0.167715296
0.017027134
-0.094486262
-0.080832605
-0.149094415
-0.339753624
-0.289340917
-0.202013509
-0.081127607
-0.151245677
-0.020096109
0.172879187
0.211806985
0.108440643
0.062768483
-0.020961363
-0.016121294
-0.160012635
-0.02898763
-0.122965167
-0.184445052
-0.117760258
-0.056981017
0.082929033
-0.117762417
0.027336675
0.1120966
-0.049556412
-0.210525727
-0.181354705
-0.003914303
-0.112834916
-0.061375398
-0.175892897
-0.138629547
-0.105486409
-0.131153562
0.079755031
0.125184432
0.11123847
0.135391321
0.111180182
-0.082764855
0.191805541
-0.010682196
-0.002330897
-0.093799219
-0.028839535
-0.040399464
0.02961725
0.074441534
0.139769403
0.030479589
0.034554573
0.138756918
0.176482254
0.200652375
0.213235043
0.123111967
0.079551671
-0.019172566
0.066818317
0.090353746
0.011584647
-0.151271583
-0.131752634
-0.083281891
-0.012868711
0.096790476
0.151608358
0.14829997
0.174757359
-0.044498626
-0.080033519
-0.04862132
-0.025064195
-0.12659306
-0.156271404
-0.003120679
-0.028578642
0.022913473
-0.001419552
-0.051937804
-0.022372366
-0.056491074
0.058299191
-0.000479888
-0.029640457
-0.036464479
-0.099970954
-0.183558858
-0.169757537
-0.210949935
-0.181928951
-0.074925864
0.034674711
0.039858032
0.08047327
0.187537559
0.21066605
0.158292057
0.12350811
0.073333089
-0.064851958
0.046203229
0.136484762
0.06858369
0.002074278
-0.09382275
-0.241509076
-0.141811644
-0.086519902
-0.195703286
-0.218441031
-0.1597838
-0.114794043
-0.052642334
0.045638914
0.116817934
0.100107607
0.120256931
0.103685631
0.102257358
0.1366348
0.190077407
0.092253505
0.018800926
0.038440769
0.057852208
0.112866219
0.179906139
0.17466453
0.283581192
0.217559155
0.310521076
0.235195614
0.140219516
-0.038196498
-0.083928025
0.167992704
0.288284176
0.291835431
0.297139645
0.180311996
0.097773925
-0.010438433
0.113317412
0.122517213
-0.143114491
-0.238915257
-0.147101827
-0.171410112
-0.078960694
-0.028226755
-0.030556119
0.125362534
-0.010082509
-0.135516532
-0.145308929
-0.165168971
-0.077253933
-0.153366715
-0.19175157
-0.152076822
-0.096279052
-0.078502701
-0.057408463
-0.040534498
-0.13371284
-0.050681912
-0.154146048
-0.149064192
-0.208596824
-0.085831779
0.068533282
0.155995076
0.267486128
0.243562112
0.167895557
0.041772903
-0.057416343
0.052282783
-0.078754095
0.009663806
-0.029391113
0.013066783
-0.044601818
-0.20840253
-0.191889735
-0.147970751
-0.081900788
-0.023722922
0.014683521
0.008718331
0.024556981
-0.126006941
-0.019703851
0.028373986
0.140216278
0.066559475
0.093834299
0.059918197
0.068044957
0.083034383
0.040179048
0.024110322
0.000516232
-0.023416262
-0.060993719
-0.017123741
0.008972434
-0.098688077
-0.075940616
-0.084060793
-0.110547649
-0.123300863
-0.100964658
-0.216277896
-0.253151579
-0.231919609
-0.08411757
-0.010237728
0.018826184
0.019140292
0.014906311
-0.034877748
-0.024923225
-0.030432095
0.006514243
-0.163364199
-0.186291921
-0.294771422
-0.374889459
-0.329677343
-0.37198369
-0.368428118
-0.166332573
-0.112212097
-0.209177545
-0.233549516
-0.013922106
0.198802268
0.210326036
0.179953633
0.225358962
0.184642584
0.223849949
0.153967946
0.055594733
0.041679319
0.007586387
0.112397755
0.1904552
0.190808167
0.148787863
0.166652078
0.113674696
0.019072721
-0.025486676
0.019274679
-0.034956977
-0.077860345
-0.00083322
0.10139912
0.154039187
0.127313026
0.012625089
0.06518107
0.18970717
0.187558067
0.149831651
0.259698193
0.080714733
-0.012678519
-0.034657549
-0.06543268
-0.018439324
0.037838998
-0.016593967
0.102057019
0.097675807
-0.035057901
-0.152058472
-0.202600708
-0.159067073
-0.12562483
-0.245309675
-0.410073867
-0.419266112
-0.226693112
-0.212861568
-0.175561518
-0.1219203
-0.175431989
-0.139107725
-0.019022852
-0.024926895
-0.045012965
0.096972033
0.172675179
0.296669023
0.248085914
0.204334238
0.207274548
0.168432023
0.252597843
0.194459807
0.12292307
0.118000966
0.143902459
0.208588188
0.285214337
0.194247163
0.194867823
0.082806736
0.16359951
0.112719419
0.039355675
-0.108753671
-0.109529766
-0.091291212
-0.016651391
-0.013479873
0.021092619
0.002362815
0.028833599
-0.033212544
-0.073888444
-0.175491357
-0.168698637
-0.117295033
0.033304726
0.050718827
-0.073548107
-0.069703469
-0.006872898
0.024835361
0.081066729
0.005893647
0.154515206
0.050875665
0.157254746
0.288913471
0.253044718
0.218216514
0.154116904
0.230713909
0.244510912
0.203514967
0.157341098
0.201496473
0.200161244
0.160455193
-0.036142491
-0.002372303
0.018108161
-0.127120891
-0.100976963
-0.122130784
-0.042169478
0.052934961
0.023163141
-0.141434931
-0.209536989
-0.166530105
-0.041442712
-0.127422046
-0.257718558
-0.206839546
-0.22718964
-0.243905364
-0.25671039
-0.273772604
-0.198424475
-0.177833674
-0.181664495
-0.074222414
-0.018254745
0.060307323
0.05565151
-0.047199955
-0.026964602
-0.144280252
-0.124922135
-0.045245361
0.101913242
0.064518421
0.075021284
0.084929501
0.004714663
-0.086252424
-0.056393279
-0.017361858
-0.031904085
-0.035887427
-0.036001089
-0.117419165
0.09688935
0.172922364
-0.06650259
-0.145496746
-0.192890347
-0.098365981
-0.036718788
-0.092470358
-0.079302327
-0.165072903
-0.135172201
-0.021609871
-0.0153724
-0.081849948
0.07725512
0.096434919
-0.021444182
-0.14724107
-0.165103127
-0.16648477
-0.114855569
-0.050284797
-0.131329506
0.055144943
0.034164259
-0.047474772
-0.05340893
0.048268893
0.080166178
0.187482509
0.178766283
0.309355314
0.306666507
0.33023
0.309056318
0.051562061
-0.069183733
-0.06940825
-0.019182605
-0.117442912
-0.094797456
-0.09126617
0.047812303
-0.120215913
-0.059281885
0.080394365
0.204163692
0.05056717
-0.027507005
-0.083868874
-0.071658278
-0.037305662
0.058021675
0.071751431
0.154707341
0.095953503
0.037271337
-0.065270877
-0.004633686
-0.046381331
-0.058148722
-0.123121682
-0.021062611
-0.071882795
-0.018355022
0.097372062
0.02272911
0.115540994
-0.060906071
-0.134185621
-0.141958444
0.063810868
-0.028458504
-0.055450847
-0.061267673
0.049579943
-0.067066149
-0.128174394
-0.167516685
-0.14200162
-0.228919932
-0.248995855
-0.113076704
-0.018071138
0.051361076
-0.006348284
-0.017720114
0.008796307
0.137760623
0.098302944
0.182284076
0.221824978
0.079089684
0.091426138
0.141146729
0.250160538
0.119799261
-0.115039069
-0.096678757
-0.079527384
-0.092158517
-0.206099072
-0.218265088
-0.103770041
-0.108604713
-0.02153496
0.041250038
0.122447051
0.125116429
0.071774099
0.154253989
0.068149984
0.047583469
0.064369462
0.156621133
0.189286201
-0.023198437
0.053025956
0.018757426
-0.02953543
0.058673099
0.166323938
0.223176398
0.220365617
0.057106553
0.166535502
0.049747575
0.119296257
0.312818058
0.143169541
-0.054906394
0.13836833
-0.019714646
-0.253747413
-0.11669812
-0.225116095
-0.185649673
-0.073188988
-0.074327872
-0.126997838
-0.104475219
-0.041382157
0.00174127
-0.025759551
-0.110329608
-0.152923078
-0.041495064
0.104068498
0.196551701
0.314399391
0.271911704
0.094896438
0.063896034
0.132506061
-0.109627993
-0.132862266
-0.134594717
-0.129016333
-0.05316099
-0.006223482
0.056078308
-0.010353333
0.009346827
-0.068323121
0.016449002
0.158992594
0.16895014
0.109813651
0.117669588
0.069078599
0.07007295
-0.107444241
-0.002727472
-0.100644397
-0.049281487
-0.085979442
0.009304471
0.11897999
0.056930501
-0.076579303
-0.071402026
-0.101859919
-0.014612388
-0.078095008
-0.167554464
-0.162119641
-0.068255334
-0.05302207
0.006652385
0.06209083
0.050162392
-0.023815427
-0.040977379
-0.149380459
-0.082025136
-0.168451453
-0.107695311
-0.017529598
0.050117381
0.118675597
0.204635393
-0.018645815
-0.13280074
-0.188346036
-0.196409219
-0.188312574
-0.165985004
-0.06514383
-0.081059928
0.049483768
0.262282298
0.272632749
0.128156044
0.036467393
0.120378904
0.116440141
0.109533005
0.03429789
0.038417022
0.118389554
0.077620176
0.094369686
0.166982377
0.031257843
0.101250593
0.077234396
0.191435304
0.012267049
0.082722758
0.027288749
-0.15585907
-0.182633804
-0.113880863
-0.119010214
-0.13155834
-0.098986965
-0.042069741
0.048598113
0.054874551
0.048605021
0.0173067
0.034601312
0.069205753
-0.047142314
-0.021119928
-0.078648961
-0.007112106
-0.111507243
-0.09905745
-0.17119531
-0.116815776
-0.026073874
0.039520177
0.103146035
-0.0701647
-0.183074203
-0.113523579
-0.114784328
0.085593553
0.194076617
0.182299188
0.356304199
0.334901682
0.226140454
0.243882696
0.331598691
0.334475315
0.388169425
0.25751347
0.192349563
0.188443182
0.068276059
0.001488936
0.114845855
0.074402351
0.132495267
0.076832424
0.170367403
0.193164516
-0.036924739
0.016080276
0.006090618
0.038240538
0.074489135
-0.125932462
-0.058647624
-0.022101002
0.111186659
0.044237194
-0.071138327
-0.109974483
-0.096993729
-0.045257667
-0.044739874
-0.108244191
-0.02425194
-0.02694377
-0.012836221
0.034527588
0.015007236
-0.063206939
0.035694969
-0.038520861
-0.067584266
-0.168178362
-0.008163687
0.051725484
-0.029151485
-0.143524666
-0.190470312
-0.18264244
-0.114199289
-0.043734621
-0.138394236
-0.105291144
0.023843816
-0.015589037
0.070662739
0.047512444
0.037835112
-0.001412957
-0.111556896
-0.173530071
-0.146364591
-0.057274724
0.014125035
0.114074077
0.110062994
0.135935343
0.124667395
0.026398237
0.003023262
0.009206213
-0.127919654
-0.076126275
-0.166504199
-0.17502829
0.00216836
-0.05127332
-0.084164092
-0.034730949
0.088084613
-0.005708831
0.019675355
-0.069924963
0.016770234
0.099045793
0.089821921
-0.031734294
-0.038014186
0.030445804
-0.077676306
-0.183787692
-0.060267061
-0.005202534
-0.036141952
-0.203840949
0.059795252
0.090953789
0.058324234
0.116651705
0.145984639
0.179630889
0.255735684
0.267710645
0.112858663
0.036001413
0.049787406
0.009449004
0.062295378
-0.040379387
0.161340308
0.118113225
0.291855939
0.206387274
0.168003498
0.153787685
0.094244043
0.105351051
0.179508916
0.256316406
0.124173026
0.121069725
0.143725436
0.207341471
0.111727443
-0.066680153
-0.111142403
-0.184840116
-0.096033163
-0.072140018
-0.043515285
-0.105390773
-0.095331331
-0.151822081
-0.14757029
-0.146797433
-0.14353546
0.087234686
0.170967555
0.286604616
0.217282826
0.193446242
0.110233541
0.062337367
-0.044351395
0.056272925
0.063719766
0.138684597
0.265118984
0.124249664
0.107316655
0.094229471
0.01548876
0.077349245
0.069474094
-0.057515217
-0.129920877
-0.160652724
-0.134427409
-0.119258478
-0.057901753
-0.070486796
-0.206564297
-0.165526255
-0.157701621
-0.130471376
-0.100073606
-0.21338724
-0.206396988
-0.18223982
-0.002768576
-0.090837537
-0.080719699
-0.079065073
0.058331466
-0.022407339
0.018988527
0.051873579
0.135383765
0.041002961
-0.12976976
-0.131021874
-0.116211307
-0.076179274
-0.069991023
0.106340545
0.049185959
0.015649268
0.102054861
-0.01698277
-0.081464491
-0.158293137
-0.083296679
-0.079642125
-0.171539641
-0.161222652
-0.200147212
-0.138578815
-0.055086547
-0.130904219
-0.118459715
-0.126278952
-0.024812801
-0.014962548
0.109944259
0.097397644
0.211574912
-0.01889246
-0.033511325
-0.152878822
-0.067672993
-0.109579419
0.001916469
0.090562827
-0.053310164
-0.132974525
-0.146636602
-0.202236947
-0.111587119
-0.097278045
-0.091992936
-0.031341389
-0.076288294
-0.149278994
-0.166313144
-0.235329461
-0.284586121
-0.225607226
-0.088008946
-0.011557661
0.020230927
0.070764312
-0.071772156
-0.063599088
-0.03732779
-0.10271697
-0.182394176
-0.095759533
-0.061270696
0.00643645
-0.054024625
-0.049556844
-0.079749526
-0.004223791
-0.024271693
-0.038340923
0.00966943
0.020171775
0.139389451
0.206305239
0.147055412
0.092989338
0.072418937
0.02734585
0.052962163
0.021653588
-0.013117947
-0.12109779
-0.004537424
-0.070982784
-0.217897009
-0.153286839
-0.132570826
-0.082345828
-0.064637588
0.03567079
0.138246357
-0.012220742
-0.054099644
-0.01560987
-0.050301096
-0.040457968
-0.096659868
-0.080004159
0.018040914
0.183168112
0.092996138
0.065155272
0.053083704
0.124033782
0.049839541
0.207531447
0.196689865
0.219726607
0.133678299
0.088675481
-0.014957583
-0.059807449
-0.127386426
-0.130764975
-0.126859674
-0.329150592
-0.209243389
-0.14118019
-0.102404481
-0.170069486
-0.273480085
-0.207582179
-0.138127622
-0.124932929
-0.029002742
0.00306442
0.071202012
0.002918829
0.021474729
0.073863402
0.067999514
0.066744701
0.0012681
0.089749493
0.097379725
0.14256831
0.159545251
0.155257839
0.15896237
0.183563175
0.240604532
0.125894683
0.098758454
-0.021163104
0.063868725
0.121228399
0.101080155
0.150469582
0.090001319
0.002274271
0.051952915
-0.046016491
-0.08847946
-0.212725562
-0.228896185
-0.324147532
-0.258237753
-0.116988481
-0.087701854
-0.010177767
0.001435668
-0.059108964
-0.088148406
-0.084980449
0.022834892
0.103412973
0.121660162
0.034627541
-0.033640098
-0.006355829
-0.137248983
-0.111867766
-0.078654358
-0.18936068
-0.057916649
-0.07374035
-0.026555291
-0.054046753
-0.109489828
0.056560803
0.123651671
0.162417558
0.084928745
0.035224778
0.139697083
0.007205788
-0.139236175
-0.150756705
-0.0628557
-0.032938266
0.01237445
0.089478993
0.062282857
0.063395188
-0.066494494
0.058133178
0.033462319
0.003594766
-0.054506365
-0.093709736
-0.043190275
-0.026498838
0.014592635
0.064056218
0.052120871
0.063423576
0.019964637
0.006946222
-0.154223766
-0.136340121
0.036750522
-0.00527533
0.007870066
0.072128037
0.123094696
0.210628271
0.159350957
0.112122506
0.124514119
0.154235639
0.171444653
0.154899476
0.125961606
0.232614748
0.217153297
0.043273929
0.0161309
-0.031074451
-0.072766615
0.044514494
0.155406798
0.162338761
0.216816521
0.105442045
0.11792217
0.032370929
0.071711601
0.089626116
0.053176209
-0.005494601
-0.024512725
-0.178070064
-0.1672328
-0.223023122
-0.235720207
-0.149155942
-0.112838154
0.060816588
0.057671839
-0.005699257
-0.061851094
-0.108385593
-0.123649512
-0.010254459
0.052824646
0.015872598
0.126147264
0.000183784
0.016492718
0.128736766
0.100522748
0.062259218
0.008809368
0.019492071
0.015717055
-0.010341589
-0.066198521
-0.032546549
0.097436178
0.049214995
0.214035964
0.206498453
0.01350934
-0.089446503
-0.097705599
-0.097948682
-0.120410207
-0.147920019
-0.040751675
0.03458987
-0.013602278
-0.058329415
-0.027961436
-0.007304543
0.100758599
0.017691402
-0.002501476
-0.042584727
-0.083885497
-0.071420053
-0.093862904
-0.044176531
-0.110619969
0.005661661
0.018233589
-0.113902451
-0.217199711
-0.112199144
-0.149005904
-0.240002222
-0.061365468
-0.09372366
-0.062406773
0.01588663
0.033151558
-0.032733718
0.034801542
-0.01850927
0.022979857
0.12807185
0.118802967
0.03109863
-0.072215793
-0.06596526
-0.050201899
0.077536306
-0.03290977
-0.045594982
-0.009478947
-0.070125626
-0.09150051
-0.045071577
0.122782747
0.09192666
0.174179875
0.164153247
-0.009028704
0.089360474
0.120537577
0.132136904
0.137122693
0.131900513
0.102377064
0.139547045
0.110098615
0.099870569
0.078119403
0.094221915
-0.035446704
-0.087011249
-0.010397437
-0.084317692
-0.038221217
-0.022451594
0.037558244
-0.031023827
-0.026456633
-0.00669826
-0.053404612
-0.120653074
-0.113005463
-0.119409595
-0.05779759
-0.098415958
-0.178375537
-0.140404095
-0.120562403
-0.114900904
-0.124426687
0.045790463
0.021898289
-0.031967986
0.091431212
0.092875353
0.255649331
0.229811523
0.218145273
0.225148478
0.015980539
0.001454039
-0.056473911
-0.049577784
-0.001960347
0.107519044
0.145587416
0.109598849
0.041010301
0.032623943
-0.000451145
-0.039636322
0.031975002
0.028438211
-0.129867986
-0.103067886
-0.097077491
-0.027163537
-0.034102085
-0.043523273
-0.062487513
-0.100696641
-0.01179416
-0.012886845
-0.004750942
0.015447743
0.077762766
-0.04679658
-0.157347575
-0.129836683
-0.118235198
-0.115632744
-0.162088338
-0.111716649
-0.213540516
-0.330856057
-0.372560095
-0.335786797
-0.189253818
-0.177205458
-0.025299506
0.088655188
0.089687751
-0.000567598
0.050160881
0.108089835
0.108035865
0.153800638
0.066322113
-0.103333312
-0.114721723
-0.018939414
0.016006661
-7.89833E-05
0.015315623
0.062033622
0.072754957
0.068524431
0.159890662
0.20653947
0.314171636
0.267047888
0.31838241
0.273053718
0.271390349
0.259190871
0.330966157
0.288463358
0.159484804
0.13064624
0.089895969
0.128222967
0.082589343
0.009086053
-0.014024974
0.016488617
-0.08437177
0.025232151
0.091858226
0.150150077
0.129938148
0.027899478
0.006620759
0.016509233
-0.020226069
0.045953669
0.06328552
0.080198776
0.012748141
-0.027320699
-0.03610169
0.013220167
-0.137227395
-0.179895344
-0.115540994
0.032477251
0.012587957
0.033137849
0.061495537
0.022579504
-0.060992856
-0.219335861
-0.106356736
-0.032711591
-0.117606982
-0.173101546
-0.177651254
-0.102641519
0.007553897
-0.008032366
-0.054038549
-0.067481398
0.023901888
-0.071008798
0.00747877
0.098479211
0.102437403
-0.045129217
-0.156802473
-0.246579059
-0.056166064
-0.038199089
-0.141514807
-0.164534278
-0.17143278
-0.01862142
0.088141605
0.126259523
-0.030731199
-0.011967729
0.04568997
0.174632147
0.054214169
0.049441671
0.023027243
0.117339289
0.143744865
0.119373974
0.052071327
0.040203011
0.045652622
0.062221763
0.008650188
-0.082854877
0.062652231
0.138872414
0.073538608
0.072733261
0.023034259
-0.009606576
0.009419752
-0.032523666
0.009302982
0.028003318
-0.029410219
-0.08810415
-0.044915602
-0.015697626
0.057775462
-0.037808019
-0.035514707
-0.115906913
-0.049410692
-0.011187532
0.040323905
0.018155763
0.064338052
0.04867583
0.097132325
0.028461527
0.043475131
-0.012314327
0.067369031
0.221257209
0.144232758
0.145451411
0.125576257
0.061148399
0.064512052
0.034057937
0.020652328
-0.047858178
-0.016451701
-0.048429293
-0.087772448
-0.067499316
0.019012706
-0.056036643
0.002325802
-0.004826544
-0.064467689
-0.101554986
-0.038005335
0.048073196
0.099961995
0.127564528
0.079388572
0.04865176
0.063377486
-0.017132916
0.021211462
0.080960299
0.113390812
0.091643315
0.046060315
0.015371644
-0.021435223
-0.087948715
-0.15719214
-0.211623486
-0.176092587
-0.166224632
-0.146568599
-0.141279496
-0.042480672
-0.090511232
-0.128078327
-0.190668923
-0.091033773
-0.111089512
-0.05174092
-0.015227004
0.005802858
-0.019869433
-0.067723293
-0.058586962
-0.083440241
-0.098023809
0.015528159
0.005600707
0.103812246
0.154038107
0.079074356
0.115243077
0.069013942
0.03629145
-0.024545216
-0.010786953
0.058068306
0.034044984
-0.051026783
0.004844235
0.083079934
0.124664157
0.270744863
0.241682861
0.139480121
0.081888267
0.080346007
0.084683072
0.023370171
-0.021322425
-0.014922394
-0.047969357
0.005841771
-0.057438471
0.028180233
0.047224997
-0.00238654
0.056842313
-0.066266739
-0.031976621
0.016286767
-0.024412664
-0.079578224
-0.025161882
0.060568756
0.05562949
0.057621862
0.058882072
0.027139359
-0.04675308
-0.113403764
-0.110834772
-0.085930652
-0.019545286
0.022037533
0.101998947
0.102607842
0.018895914
0.08702323
0.133743064
0.191837923
0.139399166
0.076687351
0.16449434
0.09817838
0.166436197
0.024157924
0.038582387
0.025864685
0.037649022
-0.01529166
0.08176489
-0.031286987
0.057882755
-0.028555435
0.003444447
-0.016282234
0.018363658
0.017377833
-0.107750685
-0.011947868
-0.035087585
-0.07926865
-0.181799422
-0.182356396
-0.132330118
-0.173833385
-0.181829645
-0.104708155
-0.105813362
-0.160522116
-0.121540348
-0.108165394
-0.084282827
-0.020018499
0.073875492
0.07471538
0.089292039
0.055417386
-0.000480491
-0.01326194
-0.031952874
-0.009060784
0.032587135
0.096059069
0.005685861
-0.015265538
-0.07921727
-0.024301593
-0.049560514
-0.101208712
0.020839174
-0.008681911
0.022770344
-0.015806538
0.079693181
0.016262265
0.024354376
-0.001102789
-0.045442461
-0.06685642
-0.011265034
0.102756045
0.146799592
0.118566577
0.02154964
0.015184151
-0.017003495
-0.106152188
-0.030395287
-0.067383603
0.044589405
-0.016772933
-0.048100721
-0.118915226
-0.039622505
-0.005697584
0.040282888
0.043556303
0.015702807
-0.010730359
-0.027426266
-0.074748301
-0.044642404
-0.094604889
-0.04719812
-0.065196937
0.007109472
0.002517386
-0.06200696
-0.106143769
-0.137366639
-0.121833947
-0.089949291
-0.018612893
0.042653917
0.016973595
-0.006508533
0.055836412
0.017958016
0.047676838
0.02876171
-0.061392885
-0.016634984
0.041356899
0.075403719
0.055574979
-0.050585736
0.020272052
0.029614767
0.05734467
0.048863
0.092387892
0.097889098
0.061654749
-0.018055486
-0.051953995
-0.071802919
-0.021090136
0.036810645
-0.005734024
0.059834542
0.055354564
-0.027177786
0.014929303
0.124972868
0.131761269
0.106625941
0.023243665
0.03179895
0.086480287
0.004315196
-0.055462397
-0.086054461
-0.128233761
-0.069710593
-0.086473271
-0.041949818
-0.075269764
-0.031282561
4.77118E-05
0.000367137
0.041966873
0.095531238
0.148399276
0.085208528
0.069922157
0.041003825
0.069348343
0.067053088
-0.028214558
-0.057262635
-0.097712291
-0.047137241
-0.083146533
-0.134111142
-0.041969895
0.057942015
-0.008677659
0.017735442
-0.001701688
0.024242765
-0.037160158
0.052527809
0.039043942
0.031715512
0.041110038
-0.006732424
0.033463399
-0.003978053
-0.055981917
0.048326426
0.079397423
0.09272607
0.067500935
0.02608618
0.013378084
0.093846821
-0.00977654
-0.023870153
-0.035034586
-0.080288151
-0.106475147
-0.108734242
-0.161175158
-0.109664692
-0.066284765
0.017837985
0.057271378
-0.019224594
-0.08054559
0.028800893
0.027836765
0.098803897
0.07513419
-0.058090865
-0.01896111
-0.06497922
-0.045654781
-0.094197844
-0.000623248
0.106200114
0.108762307
0.134646529
-0.01902663
-0.089206874
-0.07860028
-0.024713927
-0.057554399
-0.029646178
-0.133762493
-0.106329643
-0.096936412
-0.089033197
-0.069152107
-0.131216168
-0.165564034
-0.16562664
-0.118715535
-0.060110115
0.016452564
0.018759693
-0.011583675
-0.044007495
-0.021792184
0.017136586
0.142642789
0.023013319
0.040735592
0.074950907
0.022096469
0.000953208
0.042895057
0.038909664
-0.050749698
-0.128926742
-0.0047414
0.020844139
0.092954149
0.05615786
0.021991658
0.040025772
-0.027512726
-0.054505177
-0.089285995
-0.078205972
-0.07999466
-0.086436679
-0.114556573
-0.089673502
-0.098095805
-0.027115828
0.015267266
0.074720777
0.075188053
0.066264257
0.064030204
0.057438363
0.069404365
0.093642165
0.134330262
0.083212377
0.082384903
0.077739019
0.087829117
0.11105713
0.044115868
-0.044971192
0.020850399
0.034269933
0.065740743
0.08997034
0.042008538
0.027034656
0.074845664
-0.078576856
-0.106967466
-0.050489453
-0.06607482
-0.0733047
-0.00794284
0.035895846
0.004892647
0.071563506
0.05745898
0.027792509
-0.018327713
-0.000102368
-0.052483013
-0.021479911
-0.037341283
-0.02639176
0.012884471
0.012262839
-0.014780992
-0.048988103
0.020523662
-0.018235963
-0.042041352
0.065397383
0.081279372
0.075595529
0.066327942
0.079884668
0.027091541
0.003911864
-0.074161103
-0.061274474
-0.088343239
-0.115316477
-0.130491885
-0.10861119
-0.10715647
-0.116937749
-0.07325807
0.02099504
-0.002944087
0.036461133
0.046136737
0.019934089
-0.021005079
-0.072890747
-0.13756633
-0.113077783
-0.124810956
-0.062636687
-0.092765253
0.006154314
-0.093648857
-0.028147419
0.070324237
0.048119827
-0.024390968
-0.053512121
-0.04824601
-0.078374575
-0.144949486
-0.174077331
-0.096543939
-0.103065511
-0.011214625
-0.024997272
-0.018769191
-0.000133185
-0.051872607
-0.047290625
0.060181248
0.083162185
0.074898771
0.038602896
0.068719264
0.055299191
0.101884206
0.107247464
0.081485431
0.112451726
0.119431183
0.116761805
0.110201159
0.117761338
0.127425284
0.104372351
0.052624631
0.01769464
-0.012154035
-0.00249922
-0.025211319
-0.105366163
-0.129466446
-0.175725588
-0.134085236
-0.113150103
-0.054142604
-0.095388108
-0.112647099
-0.061982674
-0.094896438
-0.059288685
-0.045919992
-0.017026162
-0.019056422
-0.002389109
-0.013732238
0.004154677
0.016006445
-0.035931251
0.00188046
0.007291471
0.013383697
0.043334916
0.066262422
0.018582454
0.041042036
0.051521044
0.041708139
0.050214636
-0.074156354
-0.069193988
-0.123120602
-0.059913987
-0.021968019
0.000264082
0.047796328
0.013073475
-0.032914304
0.020232006
0.058835657
0.08067771
0.068035782
0.059312001
0.078136458
0.03485616
-0.036353408
-0.043871058
-0.056428144
-0.024330305
-0.060486721
-0.042864617
-0.002154856
0.018457782
0.042540687
0.039495243
-0.024348655
0.030745124
-0.000371507
0.02003944
0.022755124
0.027199914
-0.005301343
-0.04980446
-0.005324637
-0.104461942
-0.053129147
-0.095029205
-0.034051245
0.024444183
0.021000761
0.066317148
0.056315994
0.020262445
0.01650837
0.133849925
0.085887368
-0.002443576
0.092834659
0.123780121
0.072297828
0.042628875
0.026784449
0.034568929
0.026113489
0.075583872
0.067868798
0.042221937
0.062355825
0.018654234
0.057097809
-0.02403757
-0.013967549
0.002126111
0.041652441
-0.011250138
0.01236398
-0.001634214
-0.038839394
-0.075976345
-0.079424948
-0.092826455
-0.042837524
-0.035475956
-0.041274756
-0.00952684
-0.002765532
0.062389071
0.03160239
0.05346765
0.080724988
0.031871379
0.041142529
0.051538207
0.068343306
0.058322183
0.011604508
-0.005996871
-0.049774345
-0.127501922
-0.11187748
-0.113876545
-0.212422248
-0.145808695
-0.135326556
-0.053706631
-0.024760882
-0.056237197
-0.033889657
-0.053941618
-0.057727428
0.022491425
0.044453615
0.040535685
0.000415366
-0.037077043
0.041052506
0.038948307
0.057348664
0.037116334
0.067607041
-0.004008136
-0.054405116
0.00680891
0.017074088
0.011776026
0.008725638
0.034885196
0.055411989
-0.020509846
-0.016278672
-0.027791322
-0.005857552
0.010762126
0.012783438
0.034877424
0.0312926
0.042007351
0.00980848
-0.020893036
-0.06143034
0.020762967
0.055192329
-0.024022458
-0.008195994
0.032577312
0.109839557
0.033169152
0.07446582
0.051633842
0.106527931
0.162264282
0.136492318
0.152698561
0.117954552
0.062584336
0.041337362
0.011660961
0.019292165
0.002464625
-0.034127883
-0.005578719
0.026517511
0.043917581
0.065252527
0.084784428
0.088910684
0.051712315
-0.027789379
-0.068314809
-0.121775659
-0.09251224
-0.066719983
-0.028518519
-0.036413423
-0.094059464
-0.011449828
-0.004270217
0.004371649
-0.023379994
0.011996333
0.01327295
0.000786263
0.042583647
0.06174121
0.037297675
0.050515143
0.081998798
0.094766693
0.062552494
0.03288354
0.079406706
0.005316239
0.01525971
-0.012142161
-0.005782565
-0.014584971
0.014859357
0.024626495
0.014914839
0.059597828
0.014417231
0.029731667
0.066702712
0.040448901
0.037416733
0.024372402
0.035930603
0.028200633
-0.004679982
-0.027911136
-0.047850838
-0.022123022
-0.017030264
-0.054126845
-0.021100822
0.077838757
0.059579262
0.047523669
0.033875625
0.063886427
0.027312388
0.01853075
0.043785245
0.033711663
0.0361494
0.026022494
0.021506464
0.061207119
0.046981159
0.013210128
0.014804091
0.013534167
0.028364164
-0.001159253
-0.04091337
-0.037561914
-0.123162699
-0.156035014
-0.074570307
-0.023940855
-0.037574867
-0.004620528
0.000758167
0.014346962
-0.000406614
0.027460483
0.015478938
-0.005049852
0.010860579
0.034394173
0.037927078
0.03362585
-0.014074735
-0.056490534
-0.097376487
-0.085524255
0.006393187
-0.038738362
0.031341605
0.112192668
0.120087464
0.089281569
0.101914322
0.126696683
0.163031741
0.123419598
0.074009338
0.073937666
0.020404712
0.037702345
-0.005113915
0.022679997
0.035156236
0.045775567
0.046371616
0.02619466
0.047982418
-0.002034124
0.018804272
-0.007994932
-0.018542192
-0.033740483
-0.110814263
-0.069027111
-0.061353594
-0.001195186
0.00510284
-0.058487548
-0.041994074
-0.028517332
-0.049229567
-0.081482085
-0.075458768
-0.072720848
-0.057567676
-0.091048993
-0.062388639
0.001891308
0.030860728
0.01755151
0.074075074
0.085107064
0.122751444
0.07253778
0.0852299
0.04994446
0.045835474
0.009476291
0.033950212
0.017158174
0.060733042
0.072110011
0.019280615
-0.000424946
-0.012080419
-0.026525067
-0.019169436
-0.010644417
-0.037626463
-0.074076801
-0.096748703
-0.149970895
-0.148088406
-0.126984886
-0.097125633
-0.055033548
-0.051004439
-0.045304081
-0.044681046
-0.008570031
0.022192644
0.007755368
0.00714954
-0.004253324
0.01017496
0.018277089
0.056113604
0.052964106
0.086853763
0.032931142
0.092874597
0.093973543
0.021630056
-0.026361753
-0.085830483
-0.058073919
-0.059440558
-0.065827312
-0.118629182
-0.104954584
-0.095344176
-0.058074458
-0.029313396
-0.099303879
-0.021903255
0.013431407
0.010367613
0.007813603
0.054501076
0.023849645
0.019527152
-0.005269382
-0.037651073
0.020523339
0.015151661
0.070112241
0.064126056
0.051317791
0.052936041
0.094348746
0.058157897
0.001612842
-0.059280914
-0.065990195
-0.020695612
-0.046693388
-0.048434583
-0.061920932
-0.013953949
-0.059936223
-0.068316644
-0.076854444
-0.054103961
-0.07351702
-0.061012177
-0.071037402
-0.045855335
-0.011770089
-0.034814171
-0.022672765
-0.030076862
-0.011171125
0.00536613
0.030160516
-0.011346853
0.015771889
0.040707311
0.027627899
-0.007306788
-0.044001343
0.008146687
0.010118421
-0.00574348
-0.027683057
0.004018304
0.017364557
0.010012326
0.06112368
0.022401402
0.020093842
0.023529924
0.048579439
-0.022678162
-0.033600915
-0.013572378
0.024970071
-0.023208044
-0.033257556
-0.015008207
0.051419687
0.046546589
0.083785112
0.073142573
0.037559647
0.003037974
0.031005801
0.027263707
0.014635919
-0.016271116
-0.012258198
-0.0277788
-0.08287204
-0.110123441
-0.076515078
-0.045492762
-0.028121405
-0.080241952
-0.123485442
-0.109575102
-0.078840664
-0.092996031
-0.059902221
-0.026810787
0.031770022
0.0584869
0.097004199
0.110596222
0.049561485
0.009880228
0.042396046
0.021729578
0.011716766
0.036085714
0.039487363
0.074381842
0.0699608
0.055594517
0.068530907
0.043556734
0.066598334
0.057521477
0.02519761
0.046021996
0.047016239
0.045701412
-0.001386479
0.035055203
0.005607129
-0.025052538
-0.018997918
-0.05096979
-0.071549797
-0.050811657
-0.033511864
-0.061813099
-0.062758769
-0.068800975
-0.038518486
-0.0109533
0.033491571
0.034633586
0.023796106
-0.030493729
-0.012248051
-0.030281086
0.022297131
0.006165831
0.011154394
0.005825742
0.042356648
0.030946757
0.011852988
-0.023003064
-0.010952221
-0.004738313
0.005428357
0.018416225
-0.039831695
-0.086171792
-0.079545302
-0.059254576
-0.072288329
-0.053458691
-0.068594592
-0.046811907
0.015577056
0.003129767
-0.009088201
0.010147306
0.017513515
0.018496101
-0.01170187
-0.056830008
-0.045906283
-0.035102265
-0.022234417
-0.015126187
-0.004887315
0.002377193
0.012533987
0.018199911
-0.008024659
0.012646677
-0.034389639
-0.016560721
-0.028349592
-0.032016235
0.015473756
-0.033673668
-0.031231721
-0.021681652
-0.012355992
0.00770469
-0.020077327
-0.009609231
-0.027217832
0.001376689
0.018858566
0.007918802
0.024274392
0.010539876
0.000997226
0.042153071
0.016388016
-0.023601489
-0.039600917
-0.01814443
0.014947653
-0.012435653
-0.048627689
-0.060659319
-0.019967119
0.029957803
0.043653881
0.001884615
0.027982053
0.021589363
-0.019879363
0.010956215
0.016129389
-0.00010717
-0.013145148
0.007113261
0.047061467
0.077923598
0.09630852
0.082503422
0.072226911
0.034590841
0.008711725
-0.005061823
-0.001896478
-0.014421873
0.008530891
-0.00020518
0.028019077
0.025772935
0.041833782
0.030753219
0.031197828
0.019847413
0.009484376
0.005976298
0.000950045
-0.011154178
0.016178502
0.025707631
0.02701242
-0.036308612
-0.016705254
0.00464747
-0.007635133
0.006724792
-0.001420534
-0.01900148
-0.055824539
-0.03910536
-0.031507186
-0.026678343
0.004706211
-0.00120693
0.0379668
0.058772728
0.050187434
0.006919636
-0.009587622
-0.026824603
-0.043763657
-0.044757685
-0.011464832
-0.007613318
0.0234997
0.012438459
0.014032422
0.010960532
0.061495321
0.04516106
0.009718327
-0.00904252
0.012864825
0.001821621
-0.005654785
-0.02771803
-0.006753742
0.022640275
-0.019139968
-0.011915485
-0.028671687
-0.021478507
-0.028026309
-0.033918585
-0.004239065
0.018547049
0.056144691
0.041578718
0.014738463
0.003905366
-0.01246879
-0.026155154
-0.006617607
-0.025830468
-0.059514929
-0.022414247
-0.012400896
0.040083305
0.050892396
0.060841415
0.03460401
0.023682768
0.025633584
0.018933801
0.04769767
0.042769414
-0.011598571
-0.020784556
-0.016541939
-0.001746116
0.005684123
0.022369667
0.033682843
0.02938971
0.000233713
-0.000964249
0.010827657
0.033164726
0.000496444
0.023309832
0.04023766
0.041297748
0.053142316
0.021342934
0.01297784
-0.010781027
-0.041734368
-0.019024472
0.00879703
0.015148746
0.021427343
-0.002856385
0.007385369
-0.030599943
0.017377618
0.021318755
0.021836331
-0.02662189
-0.025900629
-0.028234743
0.002244555
0.023203403
-0.012126294
-0.015404458
-0.026810355
-0.02163772
-0.031402268
-0.009276245
-0.025467247
-0.019784807
-0.024622393
-0.007811735
-0.01076476
-0.020408382
-0.013208185
-0.001805462
-0.032275078
-0.061624094
-0.054704005
-0.034308252
-0.024808807
0.000766992
0.014515457
0.010165235
0.008606677
-0.024350059
0.006403754
0.00536097
0.002845786
-0.004436953
0.003092452
-0.015239956
-0.007502981
0.015925165
0.025079307
-0.030417199
-0.019759441
-0.06984336
-0.068547206
-0.063907907
-0.057156529
-0.035739656
0.004449722
0.005170303
0.01836301
0.007937022
0.009346676
0.008083843
0.020267735
0.018038648
0.036403384
0.008570193
0.021825429
0.051373165
0.049460345
0.046056861
0.062066004
0.043942947
0.009200751
-0.012313032
-0.027458324
0.006197944
0.027825323
0.053435375
0.002372573
-0.019380461
-0.039245576
-0.05119258
-0.036116154
-0.072662776
-0.04432074
-0.038428463
-0.035708461
-0.050545043
-0.019178503
0.001503034
-0.008490467
0.003250391
5.32238E-05
-0.029881921
-0.026451991
0.002030929
0.00841941
0.03274149
0.026262663
0.031619553
-0.021866879
-0.049654746
-0.054961659
-0.043956979
-0.020075708
0.004914742
0.025362544
0.035915168
0.02520916
0.005315818
-0.016127986
-0.013739578
-0.002074494
0.019243376
0.014640453
0.021502578
0.004593154
-0.018434899
-0.048880594
-0.022879472
-0.001209283
0.025105105
0.004954227
0.01908222
0.052826157
0.028708603
0.005865572
-0.01274771
-0.006176852
-0.007484728
0.031563316
0.049089892
0.041247555
0.015517149
0.028134682
0.011977767
-0.003880464
-0.013470158
-0.009120022
0.025603036
0.015973523
0.016646858
-0.015008747
-0.021116798
-0.012769514
-0.020584325
-0.026579793
-0.04093172
-0.053292138
-0.069028838
-0.036748903
-0.045295878
-0.059012141
-0.044893258
-0.036848964
-0.028275868
0.019599257
-0.006158502
0.012667078
0.028357364
0.016524453
0.009064184
0.001804448
-0.001656687
-0.023776677
-0.047824393
-0.052666081
-0.027548239
-0.014162167
0.006983084
0.020372329
0.020060056
0.016390498
0.008331082
0.019822371
0.032189696
0.025201388
0.035224346
0.0277285
0.021897966
0.013138779
0.021222256
0.010254513
-0.008418072
-0.015906276
-0.003719211
-0.004350007
-0.015408128
-0.015157166
-0.010186812
-0.027373806
-0.019060524
-0.022688633
-0.023814888
-0.03257062
-0.004028699
-0.018824349
-0.005378381
-0.034831657
-0.019634014
-0.009993371
-0.006496994
-0.005431563
0.003153817
0.007094436
8.68988E-05
-0.000250577
-0.002905984
0.000885488
-0.002950143
0.006840958
0.009952073
0.023085747
0.027488763
0.039799852
0.036439329
0.046098742
0.046455918
0.048516402
0.040922545
0.024006051
0.021301916
0.02534808
0.017678557
0.014618109
0.008953588
0.004170965
0.012283132
0.01037233
0.000630428
0.003225835
0.015311521
0.007230085
0.002603599
-0.006334802
0.007241786
-0.003949222
-0.014184187
0.002786213
-0.008261741
-0.004528994
-0.00837646
-0.017677909
-0.026216464
-0.012878966
-0.002792873
0.009562396
-0.01161228
-0.018889653
-0.008296195
-0.019310515
-0.003020089
0.007452735
0.013490127
4.30945E-05
0.000947959
-0.001531584
0.013097114
0.00972108
0.010113726
-0.007171808
-0.001644879
-0.001932109
-0.008706684
-0.005540864
0.008276302
0.010056819
0.028576699
0.026534566
0.010086827
0.004471688
-0.008553473
0.008261568
-0.008495897
-0.010706116
-0.006550759
-0.005172214
0.000593783
-0.001476944
0.015851226
0.008545766
0.014010402
0.019905269
0.026826006
0.017198436
0.009542524
-0.003241518
0.011437307
0.022423098
0.025269283
0.019052536
0.005785048
-0.004125943
0.0024757
-0.007099541
-0.00489786
0.003447027
0.001490847
-0.003003951
-0.012206602
0.000467833
-0.005076783
-0.014410863
-0.024827157
-0.030801577
-0.021000977
-0.021082472
0.001031774
0.006704035
0.000528479
0.000394197
-0.00620048
0.000491542
0.006800005
0.007092881
0.00149401
0.008328135
0.008840466
0.008450799
0.021078047
0.002838316
0.005441386
0.007403211
0.018601127
0.021160622
0.006510443
-0.002510251
-0.00657905
-0.013063005
-0.013029975
-0.002367424
-0.002711529
-0.009410836
-0.004007856
0.006287038
0.013339226
-0.002741245
-0.010662853
0.00088986
-0.002300339
0.002411647
0.00137861
0.000214263
-0.00031533
0.001232016
-0.002367338
-0.006151507
0.006234503
0.004656202
-0.007584077
-0.000365858
0.001461854
0.008930845
0.008372531
0.006886844
0.010611452
-0.002208837
-0.008067954
-0.015379848
-0.025469513
-0.026019688
-0.025609513
-0.028070781
-0.009018957
-0.006855768
-0.006462787
-0.014361857
0.006897044
0.001212705
0.000382789
0.014198867
0.019732888
0.021774913
0.012197859
0.005692823
0.011024973
0.002402494
-0.003606283
0.000199622
-0.001353535
-0.007796159
0.000304687
0.001892808
0.013723819
0.007753814
-0.002441892
-0.006330128
-0.008364047
0.003274052
0.010054542
0.003142483
0.003576124
0.006314088
0.0094779
0.002658832
-0.000122912
0.010910448
0.010467124
0.011254671
0.00465182
0.008719237
0.001286839
0.006421219
0.008792249
0.008127095
0.00446179
-0.00375346
-0.006177143
-0.001743914
-0.0037385
-0.004056504
-0.006493291
-0.005634212
-0.012936822
-0.007083965
-0.003888408
-0.006550284
-0.005630639
-0.005726987
-0.004265867
-0.006062953
-0.010345777
-0.009310764
-0.007416218
-0.004474139
0.006415963
0.003149855
0.006868742
0.009453926
0.011526682
0.006082458
0.004880504
0.004157062
0.00212786
0.001778758
-0.005209378
-0.003287059
-0.004412256
-0.003081021
0.003154874
0.008536504
0.012043287
0.007733532
-0.005248981
0.000850786
0.005343764
0.003033333
-0.00235473
-0.000866115
-0.003592089
0.004216095
-0.000635622
0.008252037
0.006493615
0.007820511
0.004344653
0.005007831
-0.00149374
-0.002162099
0.003349438
-0.005790165
-0.01009285
-0.008702258
-0.008864925
-0.010845468
-0.004213602
-0.001913101
-0.003595694
-0.011302489
-0.006944743
-0.001523996
-0.000976013
0.002564967
0.000769502
-0.00098961
0.002799652
-0.001015326
0.001275321
0.00211196
0.006790928
0.004473167
0.006119406
0.00840827
0.004710615
0.006089247
0.009504799
0.007229383
0.006602657
0.005770066
0.000795771
0.002100519
-0.000321095
-0.001252147
-0.002095035
-0.000786092
-0.002747711
-0.00018401
0.003404563
0.002692013
0.000758773
0.00072902
-0.002837949
-0.003519542
-0.003097687
-2.60802E-05
0.001511766
0.000979794
-0.001196978
-0.004798058
-0.00657239
-0.001239928
-0.001156392
-0.001080186
-5.3871E-05
-0.002126219
-8.65572E-05
-0.002086432
-0.002936704
-0.004142242
-0.003605333
-0.002661541
-0.004979874
-0.000829825
-0.000223498
-0.000168264
0.001276509
0.00154648
0.001745512
-0.000177701
-0.000590352
-0.001247289
-0.000148847
-0.001696032
-0.001145156
-0.000187682
0.001312151
0.000357564
-0.000682729
-7.28073E-05
-0.000277122
-0.000278643
0.000166761
-0.000306845
-0.000115671
-0.000546803
0.000534064
0.000267307
0.000225072
-2.62766E-05
-0.000163513
-0.000648859
-0.000405584
-0.001031905
-0.000921668
-0.000697803
-0.001092329
-0.001461509
-0.001115439
-0.001199374
-0.00063894
-0.000678461
-0.00057851
-0.000565919
-0.000524421
-0.000571084
-0.000515636